604 9759
604 10014
51564 604
8202 1387 2033 8850
11622 11863
89781 3257
79803 11234 84343
1040 80198
2874 9611 6907 79718 8841 7464
23557 282991 2647 26258 55330 84062 63915 388552
15519 11622 11632 15516
397169 397470 397088 397656 397136
10093 10092 10097 10096 10095 10094 10109
518637 508448 513315
10197
5720 5721
5714 5708 5709 5719 5718 5704 5705 5706 5707 5700 5701 5702 5710 5717 5711 10213 5716 9861 5715 5713
24907 114489 25293 362242
130340 1174 10053 8905 164 8907 8906 162
72088 22295
19166 19167 16913 26445 26444 26446 26441 26440 26443 26442 16912 19172 19171 19170
604 9219 57504 53615 3065
83589 85327 60377 29647 60442
5663 51107 23385 55851
232910 11772 116563 163
19075 19076 18969 18968
14697 14682 281452
1789 10051 24137 8467 3065 10592 25942
54189 56715
12468 12469 12464 12465 12466 12461 12462 21454
54296 83579
5595 9759
81807 64525 25562
5594 9759
6907 8841 9612 79718 2874
1176 8943 26985 10239 8546 10947 8120
6773 6772 10379
53615 9219 3066 3065 5931 5928 1108
83589 117052 25252 29647 60442
11154 23431 10717 9179
171137 25383 170912
29753 25578 24264 83718 81822 64158 25751
29548 3708 7220
7249 7248
58945 65209 29489 116659 29564 252902 65028 83462 170714
70729 19416 18125
192363 24598 24949
9978 9820 6500 26259
616317 281555 777775
24551 245922
6597 6598 6599 57410 60 6601 6602 6605 10498 8289
6396 57122 4928 348995 81929 79902 23279 55746 79023
310710 94189 54350 29631 64154 65134
2189 2188 2176 2175
4691 940
80155 2547 7520
29882 996 29945 51434 51433 8881 10393 8697 64682
381580 68999 56317 17222 69957 52563 99152 52206 59008
7157 2033 4193
6594 5928 2186 5931
116848 93762
140557 56739 20962 13006
2965 2967 2966 2961 2960 2963 2962 2968 6908 5432 5433 5430 5431 5436 5437 5434 5435 5438 5439 2071 2959 5441 5440 2068
5432 5433 5430 5431 5436 5437 5434 5435 5438 5439 5440 5441
20807 17928 21423
280667 11495
5202 5201 5203 7411 10471 5204
6619 6618 6617 10302 6621
57332 6015 22955 8535 1911 8467 6045 84733 648 7528 1912 80012 3303
2784 975 9289 2783 2782 2767 2776 59345
5283 5277 5279 9091
4055 4049 4050
51367 11102 10556 10557 10248 10799 10775 10940 54913 79897
281453 282338 281794
10403 57405 83540 147841
55367 8738 835
100009341 100009581 0
65057 26277 25913 54386 7014 7013
245959 298596 85333 157074 65262 25176 362302
4808 84707 4005 8861
11308 20662 13860
5663 51107 23385 55851 682
322 4035 351
130340 1174 10053 8905 55435 164 8907 8906 162
512043 521540 504735 7411 613336 5201 5203 5202 281047 505313 533784 514355 10471 5204
13430 20964 20779 13429
83805 140694 81637 24949
196528 51412 6597 6598 6599 55193 60 6601 6602 6605 71 86
512043 504735 538090 613336 281047 505313 533784 514355
2961 2960
2963 2962
17977 328572 12914
79139 50628 84447
64151 9918 10592 23397 10051
29754 245958 171375 171374 26197 26196 65262 114630 245965 171082 641434 116550 94271 140608 25176 245959 192241
10592 142 9918 10051 64151 7515 23397
10592 54892 23310 10051 29781
17975 18148 20947 11545
9382 22796 91949 10466 84342 83548 57511 25839
8243 10274 9126 5885
8243 10735 9126 5885
13858 15239 56324
13858 15239 8027
25686 293614
81664 293614
50664 293614
4361 4683 10111
81666 293614
303634 293614
66008 22906 8473
63836 29647 361598 64159 113970 64563 305614 81634
5499 5514
5704 5705 5706 5700 5701 5702 5689 5688 5685 5684 5687 5686 5683 5682 5719 5710 5692 5693 5690 5691 5694 5695
29686 25716 81574
29686 24805 81574
29686 25716 24766
29686 24766 24805
10163 10006 10787 55845 23191
11308 19353 242687 50884 20430
11308 242687 50884 20430
57492 6595 51412 6597 6598 6599 60 6601 6602 6605 71 86 8289
9184 991 701 4085
5692 5693 5690 5691 5689 5688 5694 5695 5685 5684 5687 5686 5683 5682
5720 5721 5692 5693 5690 5691 5689 5688 5694 5695 5685 5684 5687 5686 5683 5682
5721 10213 5708 5709 5704 5705 5706 5707 5700 5701 5702 5689 5688 5685 5684 5687 5686 5683 5682 9861 5719 5718 5717 5716 5715 5714 5713 5711 5710 5692 5693 5690 5691 5694 5695 5720
10197 5692 5693 5690 5691 5689 5688 5694 5695 5685 5684 5687 5686 5683 5682
81807 362566 64624 300084 64525
81807 64624 300084 64525 24874
81807 300084 64525 24874 71745
81807 64624 300084 64525 25562
81807 252971 64624 300084 64525
672 580
80509 300084 64525 81807 71745
300084 64624 299266 64525 81807
9616 51676 8065 6921 6923
9616 8065 6921 6923 51665
9616 8065 140459 6921 6923
9616 8065 140460 6921 6923
9616 6921 8065 142689 6923
7515 3981
8065 6921 26118 6923 9978
59020 20505 67182
8454 55832 9978
10075 4869 1029
8453 55832 9978
55832 8452 9978
55832 8451 9978
9978 55832 8450
8454 8945 6500
1024 892 10001 84246 9282 9412 9439
6837 10001 9477 5469 10025 84246 219541 54797 90390 51003 9282 29079 892 55588 55090 9443 9442 9441 9440 400569 9862 23097 112950 1024 9968 80306 9412 81857 9439 23389 51586 9969
9862 81857 9968 29079 9443 9441 9282 112950 9440 9439 5469 27034 51586 9969 10001
54107 11177 54108 8467
9031 8467
246254 25643
57492 6595 6597 6598 6599 672 6601 6603 6605 86 8289
433759 20467 71954
59348 5932 672
83990 672
891 10928 983
6118 6119 55120 7156 6117 4292 641 2176 2175 2178 2188 2189 80010
641 7156 80010 4292
891 10928 8650 29924 160 161
22030 12366 19765
5890 7516 5889 5892
7517 5889
84057 29893
5890 5889
19183 76915
5890 7516 5889 5892 7517
4361 10111
84126 545
5982 5983 5985 5984 5884
13528 94245 18457 17828
3364 5983 5984 5985 5883 5982 5884 5810
3148 3312 2597 2923 3146
10274 11177 3065 5885 9112 8467 1107 9126 9219 3066 8932 8243 5931 5928 10735 53615
9862 10001 9443 9441 9440 9412 81857 9439 5469 9282 51586
5111 5378 4292
2956 4436 5111
1024 892 9862 10001 51586 9443 9282 9412 81857 9439 5469 9440 9968 9969
1024 892 9862 10001 51586 9443 9441 9282 9412 81857 9439 5469 9440 9968 9969
18971 18972 69745 67967
18538 18972 16881 67967
5425 5424 5111 10714 57804
6774 4435 3091 328 163732 10370
4435 163732 3661 10370
84246 9862 10001 9282 51003 9477 9440 9412 9967 9442 10025 9443
1024 892 9862 10001 84246 9443 51003 9477 9282 9412 9967 9440 5469 9442 10025 9968 9969
83444 10856 54891 4798 8607 54617 125476 79913 6929 10445 93973 86 283899
10856 10847 55840 64431 8607 3015 10467 8089 86 6944
7311 3921 6224 9349 2197 6143 6142 6141 6147 6146 6144 6161 6160 11224 6165 6164 6167 6222 6188 6223 6122 6129 6128 6204 6205 6206 6207 6170 6125 6203 6228 6229 6208 6209 6189 6227 23521 6181 6201 6193 6231 140032 6187 6152 6194 6154 6155 6156 6157 6158 6159 6175 6173 9045 6171 6202 6169 6138 6139 4736 6168 6132 6133 6130 6136 6137 6134 6135 6217 6124 6191 6192 6210 6235 6234 25873 6232 6176 6230 6233 6218
13528 22288 20650
7311 9349 6122 6143 6142 6141 6147 6146 6144 6161 6160 11224 6165 6164 6167 6129 6128 6170 6125 23521 6181 6152 6154 6155 6156 6157 6158 6159 6175 6173 9045 6171 6169 6138 6139 4736 6168 6132 6133 6130 6136 6137 6134 6135 6124 25873 6176
19718 19076 19075 106344 18968 514793 515602 19687 281991 281990 72151
9133 891 1026 5111 983 595
5111 1026 1017 595
5111 1026 595 1019
5111 1026 595 1020 896
1026 5111
64432 63931 60488 23107 7818 51021 51023 51116 6183 51650 64951 51081 54460 10884 55173 10240 64965 64960 51373 64963 92259 56945 65993 64968 28973 55168 64949 28957 64969 51649
24907 362715
71096 268534 20649 13527 13405 13528 20650 20648
740 64432 51116 122704 116540 60488 10884 23107 28973 7818 64983 124995 64969 64978 29093 11222 219927 10573 51021 64976 64975 116541 55052 51264 51263 64979 28998 65008 29074 63931 51069 6182 51650 51081 55173 6183 65003 65005 65080 84311 51253 51649 57129 51642 128308 54460 64949 29088 54148 64951 10240 64965 64960 6150 51373 64963 92259 56945 65993 64968 54948 51258 55168 114294 9801 64981 63875 51318 64928 84545 28957 26589 28977 9553 79590 54534 51073 51023
0 12444 12567
740 122704 116540 64983 124995 64978 29093 11222 219927 10573 64976 64975 116541 55052 51264 51263 64979 28998 65008 29074 51069 6182 65003 65005 65080 84311 51253 57129 51642 128308 29088 54148 6150 54948 51258 114294 9801 64981 63875 51318 64928 84545 26589 28977 9553 79590 54534 51073
244431 24051 24052 24053
244431 24051 24052
7520 2547
4841 6421
24051 20391 24053 20392
24051 20391 24053 24052
24051 24052 24053 20392
9782 4841 6421
79026 3981 7518
71096 268534 24051 24052 24053 13405 20648 20649 20391 20650
3921 2197 6222 6205 6204 6187 6223 6206 6207 6227 6224 6203 6228 6229 6208 6209 6189 6188 6201 6193 6194 6202 6217 6191 6210 6235 6234 6231 6230 6233 6218
24052 100009214 100008714 100009278 20392 22288 100009208
24052 100009179 100009178 100009214 13405 100009278 100008714 100009208
100008714 100009214 24052 100009208 100009178
3981 7518
16651 24051 24052 24053 20391 13138
24051 20391 24053 24052 16651
16651 24051 24052 24053 20649 20648 20391 13528 13527
7518 3981 11284
64783 23759 10291 84991 23517 55696 11051 11052 10450 9775 22938 7307 3550 10189 80145 25949 9939 56259 57187 7756 8220 10521 10286 10285 1153 4236 9984 23450 10594 1665 1660 988 9092 8683 51690 22916 5496 9716 51362 84321 25962 4809 53938 1659 55234 9785 51755 25804 51593 7536 1654 1655 10713 4116 51503 6434 10421 6426 6427 51428 8899 8896 6428 6429 27258 9410 10907 9416 51747 11017 9128 9129 57461 22827 7919 9879 10250 4343 11157 6632 6432 6431 6430 51340 51639 26986 84811 10992 23013 10915 23398 6631 23524 10643 9584 11338 10569 9589 22985 4686 58509 51645 10921 51729 27339 26121 27336 9343 8175 8563 6628 6629 6626 6627 6625 5356 24144 79002 24148 8449 55660 10262 58517 10465 23350 23451 22826 6633 8559 6635 6634 6637 6636 57703 9295 56949 94104 57819 23020 29105 79228 10946
10592 3981 10051
5591 7520 2547
108138 319583 19090
7518 3981 79840
5591 64421
7515 3980 11284 5423
7515 3980
16882 282370 14211 18973 18974
19374 19373
19374 15289 22596 19373 14375
2072 4436 2067
2956 4436 5378 4292
0 2067
29754 245958 171375 171374 300677 26197 26196 65262 140608 245965 25392 171082 57423 641434 116550 94271 114630
338075 282148 338089 550622 338059 282147 513520 287017 286768 281641 338082 404152 327687 282405
2956 4436
4437 4436
2956 4436 5111 5395 4292
5395 4292
5378 4292
66046 67273 66416 66414 225887 66495 69875 17721 66091 78330 75406 66218 595136 68375 68198 227197 54405 68197 104130 67264 67184 66916 70316 17716 17993 68349 17719 17718 407785 17995 230075 226646 17992 17991 68194 67130 66108 72900 68202 68342
14683 11514 19088 12391 11555 12288 51792
10422 63891
4174 4175 4176 4171 4172 4173
5001 5000 23594 23595 4998 4999
8454 26190 6500
9978 8451 1642
8801 8802
8802 8803
13897 110006
3417
5589 23193
79158 508713
2983 2977
2983 2982
29739 25283
22027 14828 18453 29867 64136 67838 12304 12282 19035 320011
13405 18125
29161 29527
66181 499709 170944 52530
2339 2342
25470 13383 12391
1605 859
9156 5395 4292
9156 5111 4292
4439 4438 2874
4224 4225
22019
4338
5289 30849
8233 4904 55954 6628 83443 51639 10992 10081 154007 55599 10262 79622 23451 23450 6633 6632 6635 6634 6637 6636 11066 10594 1665 85437
10273 3303 4842
641 4361 4683 5982 5981 672 4292 472 4436 5984 2956 10111
63836 79125 50685 59069 25386 296654 501203 81822 287876 56611 64159 108897 25745 298975 361710
2648 6880 672 10474 27097 4436 8295 8464 6881 2956
66052 66945 67680 66925
2648 9862 9968 9282 8295 9440 9439 5469 10025 2099 9969
4093 571 7071 5702 7045 10804 2071 4601
0 404004 404016 404003 404005
29718 24907
29718 362242
29718 114489
29718 25293
29718 362715
25293 362242
114489 25293
12995 67603
24052 13405 114489 362242
25600 13405 114489
10207 64398 23418
64398 58538 23418
29424 29430 25262
5663 51107 23385 55851
55851 83464 23385 5664
55851 51107 23385 5664
6880 6878 6884 6882 6883 6879 6881 6877 6874 6873 6872 6908
2648 6314 10629 6879 6878 27097 10474 6884 6880 6883 8464 6881 6877 23450 6874 6873 8295
5034 5033
18452 5034
5034 283208
2648 9913 117143 6314 10629 10474 27097 6880 6883 8464 6881 23450 8295
6880 10629 10474 27097 8295 6883 8464 6881 8850 6871
2648 6880 8464
25400 24245 192117 29365 29495
21340 21374 21341 21339
14389 18708 19713 14784 19247 20416
6880 6878 6884 6882 6883 6879 6881 6877 6875 6874 6872 6908
7456 7454 59 4637 4627 10627
22344 239027
2957 2958
6874 6880 6878 83860 6884 6882 6883 6879 6881 6877 2958 2957 6873 6872 6908
6874 6880 6878 83860 6908 6884 6882 2959 6879 6881 6877 2958 2957 6873 6872 6883
66152 66694 67003 66576 22272 22273 67530 17711 66594 66445
226182 21343 68776 270627 24074 24075 228980 63856 108143 66464 319944 21374
20187 14370 22408
20187 22408
22416 20187
20187 13542
16513 13405
8148 6880 6878 6884 6882 6883 6879 6881 6877 6874 6872 6908
29692 25240 25472 29232 25643
6880 6878 6884 6882 6883 6879 6881 6877 6874 51616 6872 6908
29699 24679 24674 25522 24675
5576 5530 9495
5577 26292 8165
10142 5568 3784 5577 5576 5566 5567 5499 5500 5501
1499 5310 999
1499 5310 999 2319
29699 24679 246150 24408
10856 10524 86 8607 8295
7223 7222
55257 10524 64769 54556 55929 8607 8089 80314 8295 10902 57634 6944 86 10856 9643 10933
100270792 0 338086 782486 282200 3283880 287012 327674 327718 615757 444878 281090
2072 7507 2067
24674 24675 24244 24680 89823 25229 25639
10199 55272 92856
89823 25229 24680
84246 892 9862 10001 7067 29079 51003 9442 9282 9412 9967 9440 5469 10025 9968 9969
57113 7220 7222
26896 67381 216154 66213 57261 56771 108098 69792 234959
12861 12864 0 12866 12867 12868 66142 12859 12858 19224 110323 12857 17709
282691 6908
3483 3479 3486
100270792 0 282199 782486 3283880 287012 327688 327674 327718 444878 281090 281091
25262 85240 81802 25679 29322 60395 81662 89823 24654
9862 10001 9282 29079 9443 9441 9440 6257 7421 9439 5469 10025 9968 9969
4846 857 115677
55506 1791 9555 30836
3456 3454 3455
7220 3708 387
7220 857 2767 3710
140803 54822
23644 55802 80153 1656 167227
16514 25559
27257 11157 23658 27258 51690 25804 57819
11157 23658 27258 51690 51691 25804 57819
93974 4509 10632 9551 10476 498 521 522 509 506 513 4508 515 514 539 516
29571 54241 83800 266809 116561
53372 11097 79023 291874 58958 25281 7175 79902 295692 113929 245922 366016 23279 4928 348995 5903 25497 55746 117021 65274 362281 57122 81929 8021 113975 8086 6396 23165
24410 24598 29495
6597 6598 6599 6601 2033 1387 8289
1387 2033 8289
245688 15182 22778 11465 57376 83797 15289 20587 68094 11461 107932 56456 20588 83766
327668 617230 338081 327699 327675 282578
4790 1326 79155
7157 2274 28996
68094 57376 83797 20587
22064 13857 18803
16439 13857 22064
16439 22064 13857 18803
15182 433759 22780 22778 83796 83797 20586 22779 19646 66993 107932 20588
15182 433759 22780 22778 22779 107932
689560 24675 64553
604 57504 3065 1108 53615
25262 54237 25203
53615 9112 57504 3066 3065 5931 5928 1108
338073 287020 287027 281742 281570 338057 338079 327714 326346 512500 338046 615757 338065 444878 281090 327702 327701 327706 327704 327690 3283889 327660 338084 282199 338061 327665 404188 616109 0 327688 288380 613899 327680 282394 338064 100270792 282517 338063 338060 3283888 404161 3283886 3283885 782486 282393 3283884 3283880 327674 327718 327670 287012 327717 327710 282289 287014 327713 287327 286885 616871 327698 282290 327691 327673 327697
65180 65199 363972
29272 65180
3751 57628
266601 24392 301252
363972 65195
29272 65195
29272 16506
16506 363972
259243 29272 65023 65199 65180 56817
10431 10469 10440 10245
65180 65023
65180 56817
65180 65199
65180 65195
10943 55167 84148 284058
245709 50556 116654 171455 69940 60627 64632 252881
79075 54921 63922 5983
9112 23028 1107 3066 3065 5928 1108
6502 8454 6500
54311 54312 29635 24963
320 55327 8573
7764 23028 23186 3065 10362 51317 3066
5144 5567 5568 9590 5566
6921 8453 6923 7428
26520 26519
23028 23186
7764 7750 112885 23028 1487 23186 3065 55758 6239 51317 3303 10363 10362
8295 4361 4683 10111
59074 60466 366673 83730
641 9519
24672 24673 689560 58950 293508 24669 24668 25594 24679 25636 29699
9793 6867 6790
23309 25942 5931 9203 23186 5928 9112 2969 23028 1107 9219 23199 3065 10362 51317 7750 1108 3066
7764 9203 23186 3066 2969 23028 23199 3065 51317 7750 10362
23028 9203 2969 3066 3065
8540 8443
23028 23186 3065 10362 51317 3066
317697 282004 281918
10048 54737 54994 4289
24803 303183 116470
10048 23585
7764 84458 9839 23186 79813 6935 23028 1487 3066 3065 55758 6239 9658 1488 9425 8535 10919
10657 23368
3065 23028 1107 9219 23186 8932 5931 5928 53615
13433 98053 14885 3047
23028 23186 3065
3065 57459 1107 9219 23186 8932 5931 5928 54815 53615
53615 57459 1107 9219 3066 5931 5928 54815
24803 25012 116470
1176 8943 23557 55330 26985 2647 26258 388552 282991 84062 10239 8546 63915 10947 8120
29631 65134 64154 64351
23557 282991 79803 2647 26258 84343 55330 84062 11234 63915 388552
3297 3298
9559 55737 51699 6642 6643
10431 92609
56813 24917 288064
17268 5089 15405
54400 94189 65134 64351
310710 29631 65134 64154
24239 83731
25398 83731
257648 83731
3778 154 9495
24176 171026
171026 83731
3778 154
65134 83809 116643
19164 226548 59287 66340 68581
22360 68581
12934 17751 11461 12709 193740 15516
12709 17751 15516
84296 64785 9837 51659
433759 20185 15982 20467 60406
5902 953
7430 9368 1080
5083 4487
53615 3065 57459 9219 3066 8932 5931 5928 1108
11793 77040 67526
154 9368 1080
14360 12488
12488 104027
292028 690660 25094
304017 266601 300075
12015 103988 18747 19047 83767
25855 3065 23309 3066 5931 25942 5928 8819
25855 51742
25012 25404
361655 363854 312510 117280
80155 373
65277 85491 29631 65134
360953 60561 5714 9183
60561 5714 9183
23673 9146 6616
23673 6616 6844
281918 515610 317697 534583 338049 282004 18821
6597 6598 86 6605 10419 6601 6602 6603 6604 3066 6599 25942 5928 8289
6595 6598 86 6605 10419 6601 6602 6603 6604 3066 3065 6599 25942 5928 8289
17975 319177 20375 26365 17257
433759 20466 20375 17257
20194 194352 12306
20194 12306
6688 25942 3065
6688 6908
5925 93621 10933
84148 10933
3689 81 29665 5297 3909 60 5787 6840 3326 4356 3312 3303
2873 8533 1643 1642 10987 10980 64708 10920 8451 9318 51138 50813 9978
2873 8533 1161 1642 10987 10980 64708 10920 8451 9318 51138 50813 9978
2873 5430 8533 1161 1642 10987 10980 64708 10920 8451 9318 51138 50813 9978
8454 79791 6500 9978
8773 6843 6810
8773 6844 6810
3065 10284 3066 5931 25942 5928 8819
6810 6845 6843
58244 53612 53331
24672 24673 689560 64553 293508 25636
3065 3621 10284 8819 3066 5931 25942 5928 51742
6601 5931 6597 3621 5928 10284 8819 6602 3066 3065 6599 6598 25942 86 51742 8289
6907 8841 9611 79718 2874
64426 3065 751865 10284 8819 51742 5931 25942 5928 79595 3066
23309 25942 9612 3066
1050 3175
25942 9612 3065
7189 6885
25942 4204 3066 3065
22063 13405 20648
4846 857 1605 8910 7402
22794 4116 65109 9939 9775 84305
2934 58497
58497 2932
4830 58497
10921 10284 22985
191572 26903
4116 9939
8291 29780
60562 116500
29480 29627 84016 29647 29340
83589 29627 84016 29647
84321 10189 80145 7919 8563 9984 57187 79228
4830 5562
9984 57187 8563 79228 80145
16410 24943 64202
8932 6603 53615 6598 86 6597 57459 60 6601 9219 6605 3066 3065 3183 6599 5928 5977 1108 8289
24383 83535 24849 25630
10856 5434 6502 6500 8607 5202 26228 8454 8725
83737 8239
23708 2935 2107 5976 23049
10189 9939 4116 65109 7919 9775 10250 10921
5530 4306 8648
10856 10524 55929 8607 80314 8295 86 10933
5393 118460 5394 51010 51013 54512 23404 11340 56915 23016 22894
1643 1642
6804 6844 6616 10815
6804 6616 6844 10814
8773 8676 6844
55257 10524 64769 54556 55929 8607 8089 80314 26122 10902 8295 57634 86 10856 10933
10856 10847 55929 8607 80314 8295 10902 57634 86 6944
13433 15182 66233
8773 2054
58220 18759 93742 12540
18762 56513 93742 403934
8773 6810
6595 6598 6599 10419 6601 6602 6603 6605 3066 25942 86 8289
2935 2107 23708
5431 9150 2962 79084 10419 2079 11329
65110 5976 26019
65109 5976 26019
10921 9939 65110 65109 10482 5976 26019
4659 23164 387
1207 6632 6634 10419
8773 10228
12385 12387 12562 93742
167227 5394 54464 22803 54512 23404 65109 5073 5976 26019
1207 6628 10419
7220 84876 1501
1003 84552 50855
361618 89821 304496
56288 1003 84552 50855
6628 1207 10419 50628 6606 8487 11218
1207 6632 6634
1207 10419 6628 6633 6632 6634
1207 6628 6633 6632 6635 6634 6637 6636
1207 10419
0 100009068
286826 4605
81504 314906 307940
64832 25012 81802 24803
354 7857 5104
832 830 23607 30011 55114 10207 154796 64398 829
5584 56288 55114
64398 55114 51421 8777 10207 154796 143098 154810
25012 83730 116470
25012 25130 83730
25012 81802 83730
25012 81803 83730
53612 20955 20909 22320 58244 53331 22319
5111 1786 10919
93742 18053
1786 10919
20807 81710 246297
20807 25483 246297
112950 219541 54797 6837 55588 9440 400569 81857 5469 29079
58220 18759 93742
23186 675 23028 3066 3065 51317 10362
9342 6804
8673 9341 10228 8674
9341 8675 8674
9341 143187 10228
143187 10490 10228 8675 8674
25636 293508 24925 171026
153 5567 5568 9495 5566
362283 366673 60562 53330
362283 65277 60562 53330
58220 18759 93742 56513
19353 58220 56513 93742 12540 18759
83501 50592 84353
83501 29629 84353
3065 9112 3066 5931 5928 53615
0 29627 29629 24943 16410
53615 23309 9219 3066 3065 5931 25942 5928 1108
5931 9112 5928 3066 3065
81918 24001 25522
81918 21844 25522
81918 18759 24001
81918 18759 21844
81918 24001 84006 64465 307799
1024 892
81918 84392 25522
81918 18759 84392
54400 94189 65134
5979 53358
2549 53358
5584 9371 50855 84612 56288 11127
103 1017
94189 65134 29631 64670
1024 81857 9968 9443 9441 9282 9440 9439 5469 10025 51586 9969 10001
54797 10001 9282 29079 9443 9440 9439 9862 10025 51586
81918 84392 24205
79114 3730
12695 22631 56513 56217 93742 224912 18759
8773 6804
93742 22631 56217 18759
6594 27443
64398 56288 50855
93742 12695 56217
8467 51773
6594 51773
7153 6732 10594 3183 6749 9188 1660
11177 8467
23513 3993
1060 79019 79682 80152 64946 55839
23513 57216
91687 11198 64105 55717 2091 8467 3309 80829 9493 6749 22837 9589 79948 25962 1058 1059 79682 9688 9785 51773 6045 51593 57332 11335 8451 23091 3312 29127 6015 1642 2491 1060 79019 79801 648 64946 79172
23513 28964 8874
25747 109151
23513 324
11198 91754 6749
12387 11789 105782
11198 6749
11198 1457 6749 1459 1460
682930 26903
25150 50646 25676 79125
171494 29663 64310
54320 25406
57617 8417 55823
64601 57617 55823
65081 57617 55823
64601 65081 57617 55823
8317 10926
234678 16559
25012 81022 116470
14265 16897
11765 11766 11767 11764 16553
84478 25262 116643 140639
84612 3993 5584
84478 116643 140639
84478 140639
3996 84612 5584
83809 116643
24414 116692 192254
29559 192254
4361 4683 672 10111
18759 16897 56513
171531 11891 17918
18457 17828
56217 170788 227157 17475
224912 56217 12695
74998 11771 11772
74998 19707
12826 12406 53421
2146 23512 5928 121536 8726
320634 12540
24803 25012 25130
24803 25012 81802
24803 25012 81803
24803 25012 25716 81803
24803 25012 25716 81802
24803 25012 25716 25130
24803 25012 25716 116470
64832 25012 25130 24803
24803 25012 116657 25130
81802 25012 116657 24803
55946 347722 11778 11774 64933
102747 110012 66648 319953 66257
13527 362715 314906
13528 16573
10026 128869 51604 8733 94005
2146 23512 5928 5931 8726
22944 6117 5111
3181 10728 10016
1861 27348
69745 16881 19076 18969 18968 21974 18971 18972 19075 21973 18538 21969 67967
13383 12361
890 23649 5985 5982 5983 5981 5984 5422 1017
890 5981 142 6119 5982 5424 5426 6117 5422 7150 6118 3978 1017
890 891 5981 142 6119 5982 5424 5426 6117 5422 983 6118 7150
25404 81822 25035 363425 83764 287876
902 4331 1022
116644 60466 116470 24803 65033 24923
93709 12936
93700 12936
93711 12936
93701 12936
93701 12939
93711 12939
93700 12939
93709 12939
14191 19229 232906
21844 117542
100009050 71609 21937
21844 84686
64630 59267 85491 81803
10923 3172
902 2965 2967 2966 1022 2968 4331 2068 2071 404672
902 2068 4331 1022
18417 56434 16412
2965 2071 2966 2967 2968
9768 5111
3621 9768
60 7082 1837 71
10011 8648
13052 140887
13052 83964
7514 10073 5901
16924 72058 18222
67381 22337
6502 8454 6500 9978
8454 6500 23291 9978
8202 5970 2099 602
5371 7750
7750 7341
10445 11007
6642 58533
55737 51699 112936 6642 6643
841 51283 596
160622 9265
3430 9111
18762 16897 56513
925 3932
6432 4904 79622 10081 11066 114034 154007 6628 79706 6633 6632 6635 6634 6637 6636
8539 2247
8723 6642 6643
6643
16569 18764 241035
18764 241035
241035 16568 18764
1025 905
1025 904
1025 8812
81918 363875 24001 84006 307799
8566 7515 3980 252969 5423
79661 7515 3980 5423 8566
9212 3619 7813 332
348 5621
51678 8825
164 79874 9135
3953 8723 6642 6643
2547 7520 5111
8723 3643 6642 6643
57128 2395 10939 3329 3313 6389 10632
8723 1956 6642 6643
8723 6643 6642 5156
10480 51386 27335 8661 8662 8663 8664 8665 8666 8667 8668 3646 8669
23649 5557 5558 5422
12015 56177 83767
8723 7037 6642 6643
9328 9329 2976 9330 2975
9330 7150 10923 9328 9329 2976 2975
18969 18968
23649 6117 5981 5111 56655 57804 5425 5424 5427 5426 7153 5557 5422 10714 54107 7155 7150 5558
109711 234353
9330 9328 9329 2971 2976 2975
9330 6908 2972 9328 9329 55814 2971 2976 2975
12569 12568
9212 7514 332
7514 332
9212 3619 55143 332
9943 65125
24061 13006 19357
65125 27347
23880 19261 54353
19261 19229
2017 9026
5982 5518
5518 5984
3066 545
3066 1108 545
98710 16400
16404 98710
594855 6844 6804 6616 10815
594855 6804 339302 6844 6616
6809 6804 339302 594855 6616 10815 6844
594855 10815 6809
7082 4361 6421 10978 79869 4076 2968 5725 51692 11051 11052 11338 2071 7307 8449 51585
6633 6634 6628 79760 11171 54960 79833 50628 6606 8487 11218 6632 6635 25929 6637 6636
51692 53981 29894 10898 81608
11051 11052
1478 1479 1477
29894 8189 51692 1477 53981 1478 1479
6626 6421 4841 1655
25842 8520 8208 4678 5928 55723 554313 8350 10036 79711
7290 25842 4678 5928 55723 3020 554313 8520 79711
74075 71846 20957
92105 54973 57117 25896 80789 55656 57508 55756 26173 65123 26512 55174
66406 675 92105 54973 25896 114823 7979 80789 55656 57508 55756 26512 55174
5430 5431 92105 54973 57117 25896 80789 55656 57508 55756 26173 65123 26512 55174
12550 12385 12387 19164
12550 12558 12387 19164
3621 3065
3621 5111 2033
20602 56233 20466
9978 1642 1643 8451 8450
50791 11480 17127 11479
7324 56254 9810
10856 8607 60 8295 51412 57634 86
123169 9646 80349 79577 54623
9652 80349 6499
9341 8773 8673 6810
10856 86 8607 8295 4609
4686 22916
10856 86 8607
4686 22916 51808
8295 86
4686 22916 5901 7514 51808
2146 23411 8726
6015 84759 6500 54880 84678 23429 6045 3312
91687 64105 378708 1060 79019 55166 80152 79682 401541 79172 64946 23421 55839
6633 988 9343 8175 10250 10291 57461 9092 23517 55696 220988 10236 6628 6629 9775 6627 27258 22913 9716 10189 23524 51362 5356 24144 5411 60625 53938 51340 26986 10992 2483 24148 4670 25949 3185 9939 1659 3181 3183 23398 55596 27316 9785 8220 22938 10594 55094 10283 4116 3178 84292 23451 23450 10569 6632 6635 6634 6637 6636 57703 6426 51428 8899 51503 56949 58509 3187 57819 51645 10450 3192 9416 3190 23020 27339 9410 1655 7307 10492 10946
5356 988 10286 10985 27339 3312
988 7153 6925 5499 10250 6626 6627 5356 6632 9814 10992 1778 9689 8493 10262 10286 3608 51503 22828 23451 6633 3312 6634 5591 6426 6427 6421 10985 27316 27339
19014 51813 264064 216154 59024 0 23989 230753 69792 70208
1956 2064 5287 5286
79643 27243 25978 5119 57132 51510 51652 128866 92421 29082
51028 84313 11267
4361 4683 7520 2547 10111 3981 7518
4686 63941
1025 4691 27336 5430 6829
51160 7251 55048
2547 142 7520 54386 4361 7014 10111
84108 83746 4149 79813 2707 10138 1876 7027 6045 6015 23269 10919
10250 10594
26277 7014 65057 25913
1603 6185 6184 3703 84061 1650
1603 7991 6185 6184 201595 84061 1650
26277 65057 25913 7013
26277 7013 8658
58505 200185 404012 1603 6185 6184 3703
65057 26277 25913 54386 7014 7013 10111
54386 7014
26277 8658 25913 54386 7014 7013
58505 404006 404017 200185 404012 1603 404018 6185 6184 3703
58505 404006 200185 404012 1603 404018 6185 6184 403951 3703 6747
7095 505064 614128 615778 10952 11231
1642 196 405 10607 8450 9978
22320 20619 20909
64326 55070 9978 8451 1642
78951 161476
7014 7486
641 7014
80351 8658 7013
7014 2547 7520
7014 2957 2958
25467 24697 81504
11198 51386 3309 3014 128312 4869 6741 10236 554313 811 6749 26986 805
648 8452 8405
9555 8452 8405
142 3014 128312 4869 3309 811 22907
3018 55037 3309 3014 128312 4869 8531 554313 811 8342
117277 65178 116563 81637 60668
305240 266780 83427 171350
6595 6597 6598 6599 7155 6601 6602 9031 6605 7421 11198 10036 86 8289
81027 708 10419 3276 2091 7846
25942 5978 23186
3066 23186
64832 25012 25716 24803 116470
24803 25012 25716 116657 116470
6595 6597 6598 6599 6601 6602 6605 86 8289
57492 4298 6597 6598 6599 6601 6602 6603 6605 86
100009385 100009197 730 15139 100009076 100009128 12274
24890 25517
1616 8452 8405
281511 282377 540853 788566 282029 282116
151987 5531
14828 67838
281511 282377 540853 788566 282029 282116 281711
54205 317
1869 5925
4298 6597 6598 6599 6601 6602 6603 6605 86 8289
8454 6500 55294 9978
5431 84661 11091 9070 5929 9757 4221
6907 6500 6477 27101
11091 9070 4297 4221 5929 3054 3053
9343 11091 6595 6598 6599 6601 8467 3065 6878 6872 6908 5901 25942 5928 5929 53615 10284 9219 6883 6880 53981 8189 4297 23028 1107 5931 8819 3066
11146 6500 26259 9978
10036 5928 8208
8454 80204 6500 9978
6434 6627 6625 23524 10250
4217 6416 409
6416 409 5602
4296 57630
10203 10267
10203 10267
8148 2521 2130 10521 54487 11100 3608 4670 6732 3187 3192 23435 9987 1653 1665 29102 22913 3609 1654 1655
2309 8850
10801 989 23176 55752 4735
11143 51147 79960 64769
14460 16909 21349 21423
6886 5925 6929 4005 8861
21423 14460 16825 21349 16909
5160 0 517402 613610 1738
9325 84164 10973 51008
5476 4758 2720 2588
8518 26610 55140 55250
8085 7277 9070 23054 58508 203068 5929
10847 6597 6598 6599 9611 10291 6601 10155 23450 8841
4088 4089 1874 1875 5933 7027
9612 9611 3066 3065 8841 25942 8819
6774 2033 4086
5591 3069 2547 7520
63955 11350 12568
898 1027 1017
3276
10291 8175 10946
84844 10262 83443 51639 10992 11325 23451 23450
6635 6637 6636
3958 3956 50628 6606 8487 6633 6632 6634
5430 6629 6638 50628 2959 6628 8487 11218 6908 1660
151987 11218 50628 5531
4092 7046 64750 7048
21813 21812 20901
7046 7048 50855
21813 21812
4092 7046 57154
4804 65078 84894
75788 56513
5829 3676 28964
85458 4216 8312
4739 4088 10393 999
4088 9372 5371 4087
4088 7046 8312
22337 17127
363287 84580 25631 367218
4088 10401 2033
56419 13589 11789
8826 324
6249 8826 324
84027 84353 79257
64830 116470 24803 25716 25012 24923
9341 23673 6616 6844 63908
24803 140673 29528 81803 60355
24803 140673 116470 60355 25012
64223 253260 2475
10892
8915
10892 8915
7189
8202 2099 1147
3689 967 3684
367 207 26060
67673 56438 67923 75717 415115
997 8454 9978
1111 8451
81620 9978 8451 1642
26754 12848 209318 11692 108679
2873 8533 10987 10980 64708 10920 9318 51138 50813
51592 3832 2874 9611 10009 6907 79718 8841 9682 7464
14460 14582
14460 16825 21349
14460 93762
8454 8945 4792 23291 6500
4738 8454 8945 6500 9978
4088 8454 8945 6500 9978
50764 21402 26965
84893 8454 6500 9978
51530 8454 6500 9978
56438 67731 21402 26965
56438 21402 230904 26965
3364 3978 5883 5810
3364 5810 5883 2237
3364 5810 5883 5423
23476 5982 5983 5981 5984 5985
990 84515 4999
4998 990 672 51053
1478 1479 672 580 1477
5430 672 580
5932 8543 672 8861
8543 672 5932
4361 4683 472 9656 2177 10111
4361 9656 4683 10111
7013
2072 5893 2067
68240 68275 55993 19891 12144
641 7156
641 7157 2956 4436 5888
97122 17685 17688
5590 2956 4436
641 7516 5892
1026 5111 1020 6117 7150 1019 1660
5111
4152 9869 10036
7290 25842 8208 55723 8350 10036
25842 8208 4678 6767 55723 11200 8350
80063 6667
4152 9869 55729
1490 60 71
60 1072 10487
54518 5906
3655 3915 3912 3911 3691
3655 3915 3913 3911 3691
977 3655 3691
3655 2534 3691
3655 3911 3691
3655 3691
4323 3696 3685 7040
3693 3685 5329
3386 3693 3685
8754 3693 3685
3693 6696 3685
3693 3685 3491
3693 3685
3694 2335 2534
3694 6696 3685
3694 7043 3685
3694 3685
2208 3690 961 3685
3690 961 3685
3690 6696 3685
3690 8751 3685
227753 16416 16410
3690 50848 3685
3690 5829 2185 3685
3690 8745 3685
1285 3690 3685
3690 8613 3685
3690 1956 3685
928 3690 3674
3690 3685 3910
7052 2335
3690 7052 2335 3674
3690 6714 961 3674
3690 7094 3674
3690 10519 3674
3690 3674
3690 50848 3674
7052 3678 3688 2335
3678 3688 8751
3678 3688
67916 16402 16412
403845 3688 475471 3678
6520 3688 23428 8140
977 3688 3679
3688 3675 682
3688 967 3675
977 3688 3675
3688 7057 3675
24511 56083 16400
3688 3675
977 3655 3688
3655 3688
3688 3676 11117
3688 3676
975 3688 3676
3688 3676 963
7412 3688 3676
3688 3676 58494
3688 3676 961
5829 3688 3676
3688 3676 7057
16412 11495 16401
7058 3688 3676
3673 3688 961
3673 3688 1101
1293 3688 3673
3673 3688
315346 24511 56083
3672 1293 3688
3672 5771 3688
3688 3685
3655 3688 3491
8754 3688 3680
3688 3680 11495
7412 3688 3680
3688 3680 3371
3688 3680
3688 3680 8751
3688 2277 3680
3688 3680 8038
2099 6714 5295 9564
51072 2064 6464
2885 3937 5295 867 27040 5335 7409
3937 867 2885
3937 6464 867 2885
3937 5336 4067 2885
5578 5337 5336
14784 56743
4233 3082
1956 867 2885
20662 14784
27040 6654 5335 3937
20662 14784 13649
20662 20416 14784
819 3932
12488 12388 54631 403752
316258 29647 64563
2263 2534 867 4067
7525 4067 2534 5921
931 4067 2534 3932
24586 25150 25614
14360 20400 27218
16331 20400 27218
20400 27218
57617 23339 64601 5868 55823 8411
7409 930 5295
3667 5295 3643 10657
10657 5921
9212 3619 332
332
9212 5921 6790 332
20218 12988
17829 12988
16593 16572 16573
16594 16572 16573
16594 16593 16572
10891 6429 6431 6430
2274 23411 2308
15378 19017 93759
23411
2309 23411
7469 25920 51497 7936
1025 4691 5430 904 10891 53981
1025 23476 9862 904 9282 5469 9440 9968
1025 23476 5469 904
1025 6502 904
5430 6830 1022 3516 2033 1387
1025 1024 5430 6830 904 1022 11198 3516 2033 51763 9794 5469 4851
902 1022 9112 4331 3066 2099
7157 2099 4193
2309 7157
7157 6667
7157
12048 170770 22059
5432 5433 5430 5431 5436 9150 2963 2962 5438 5435 5440 26015 2959 5434 5439 5441 5437
5432 5433 5430 5431 5436 5437 5434 5435 5438 5439 672 5440 5441
9076 4323
25445 24517
24577 24516 81647
4088 2353 4089 3725
2353 4773 3725
2353 2078 3725
2353 2114 3725
3725 23426 2099
3725 2099
4089 51592
10664 4088 4089
4088 4089 6667
2309 4088 2290 4089
4088 3725 4089
4318 7076 4035
309 2 4035
351
1111 8454
2873 6502 6500 10920 8453 8452 8454 9978
7706 23586
991 4085
1457 1459 3146 1460
1457 1459 1460
3320 25942 3065 9070 9739 3326 6667 23309 8819 64426 3066 3308 3309 5931 3054 3312 5928 8473 11091
472 4683
5829 3693 5747
8517 1147 3551 8202 10499 6738 1387
6738 1387 10499 8648
57342 16202 110829
11091 9070 5929 23067 80335 219771
11091 9070 9739 5929 80335 219771
6747 403951 403950 6748
29192 365872 289231
55504 65078 84894
6118 6119 7156 6117 641 80010
55120 7156 6117 641 2176 2175 2187 2178 2188 2189 80010
16909 14461 21423 21349
10892 7189
10892 7186
387522 10892 7189 23118 8915
191573 24409 24408
22761 14460
9869 55729
245688 15182 22761 433759 229542 17192 116871 23942 19646 107932 116870 14460 17191
10892 84433 8915
2533 84433 10892 8915
4088 4089 3727 2354
8175 6629 10291 84991 22827 6628 9879 6627 10362 3329 7307 83443 51639 10992 22826 10262 10523 10131 10285 11338 23350 23451 23450 6633 6632 6635 6634 6637 6636 84844 6426 1665 10946
7336 7334
84967 6634 6628 6635 134353 6637 6636
6885 23118 10454
4152 55729
2309 4088 4089
4088 2308 4089
4303 4088 4089
23468 4152 6839
10419
2547 4361 26277 7520 54386 7014 10111
4361 4683 10111
309295 84351
309295
928 3655 3691
13404 19361
8454 1407 26224 6500
1408 26224 8454 6500
9656 3014 7158
8243 9656 7158
672 10111
26940 17128
26940 17125
26940 17128 17125
64528 81754
56042 81754
64528 81754 56082
1478 672 580
314322 24516 25125 24413 171068
84142 51720 672 580
51720 672 580 5932
571 672 580
2078 2114
2113 2114
24516 81647
14282 24517
5111 5982 5983 5984 5985 63922
9076 4313
5982 5983 5981 5984 5985
540853 788566 282116 281711
6657 5460
6657 5451
6657 5080
3364 5810 328 5883
3364 5810 5883
25 672
5432 5431 26015
4088 672
3065 672 3066
4361 4683 580 11073 571 672 5932 10111
3690 3685
580 11073 571 672 4292 2956
675 672 580
1487 5932 672
672 7415
7157 23411
672 580 7323
672 580 7332
5888 672
2965 2967 2966 2961 2960 2963 2962 2968 6908 5432 5433 5430 5431 5436 5437 5434 5435 5438 5439 2071 672 2959 5441 5440 2068 9412
3690 7448 3685
57492 51592 4087 4088 4089 6597 8202 6601 6599 1387
4088 51592 4087
10250 23524
4088 4089 4087
18645 50884 20430 15481 19878 11461 20965 13429 20964
1213 347733 5216 71 7415 3312
1207 79084 10419
16593 16594 16573
1616 7157 28996 8312
1616 546
78943 12028 12018
3690 7057 3685
23338 11143 51147 64769
9767 11143 51147 64769
3690 4856 3685
4856 3678 3688 2335
25855 25942 5931 3622 8819 5926 64426 3066 3065 84312 5928 79595
3688 3678 80781
282306 282308
84289 11143 79960 64769 23338 9767 51147
84289 23522 11143 79960 64769 23338 23774 7862 7994 27154 9767
6829 6827
9517 55304 10558
21677 22601
21676 22601
22601 21678
22601 21679
21677 22630 17475 22601
2811 961 2812 3690 928 3674
24803 140673 65033 29528 25012
1025 23476 904
1025 10614 904
6502 8945 7465
8454 6500 9978
3690 1293 3678
316258 64563 12388 116777
4704 4712 4700 4535 4722 374291 51103
3688 6696 3685
4535 4536 4537 51103
24329 85385
24329 81504
0 2885
0 6654 2885
6464 2885
3690 961 3674 5747
3516 4851 9794
17060 56743 18803
234779 17060 56743
14784 17060 56743
3516 4851
23013 3516
2209 27040 6850 5336
2209 4067 5336
22938 9612 3516
3937 5336
27040 5336
140722 29647
85327 60442 140722 29647 60377
7520 2547 7528
23013 1488 1487
6654 27040 5295 5335 2885
23013 1487 5932
23013 5932 3516
23013 1487 5932 3516
117034 25720 19668
84382 117034 19668
171046 117034 19668
2597 4513 51295 51103 7189
6938 256297
9804 51295 4722
51295 4694 4513 7189 51103 4535
18609 17536 18514
51295 51103 4722
4535 51103
5295 4851 3932
6015 3516 2273
7528 3516 4851
7528 4851
18129 19664 103806
19664 18131 103806
19664 18132 103806
17125 18128 2033 8850
27040 5335 3937 3932
27040 5335 867
27040 2885
1387 4086
5692 4946 4086
3702 3937 5335
7409 3937 5335
1793 9564 1398
3702 3937
3688 3680 280668
3688 3680 11497
2770 4926 29899
21825 104099 16412
4088 8312
64223 253260 2475
3688 3680 7424
3688 3680 7422
330938 19353 13543
4088 7027 1874 1875 5933
330938 12005
26401 12005
12005 26407
330938 26407
12020 17125
17128 12020 17125
433759 17128 12020 17125
245688 433759 17128 12020 19646 17125 20466
14225 56717
3680 101 3688
2475 57521
4092 64750
50686 79257
4092 57154
4092 7046 57154 7048
1499 2932 5525 8312
17126
17126 17127
17127
1499 8312 324
29591
7283 84790 27175 8826 324 10376 7846
5879 8826 324
8826 998 324
13589 11789 13367
269397 50878 20957
1027 1163 898 6502 6500 8454 1017 9978
20962 50878
269397 320558
70099 269397
140557 269397
56739 269397 20957
140557 269397 20957
269397 13006 20957
7048 7043
7046 7040 7048
7046 7048 7043
13207 13204 14000 76936 94223 59013 230908 67040
6895 23405 27161 3326
84262 389362
8624 56984
3688 23428
9978 6502 8454 6500 1163
21402 72194 26965
4089 4087 8928
4087 8928
9255 2058 1615 4141 9521 3376 5917 7965 51520 3735 5859
7048
657 652 650
6497 25942 3065 9611
5451 5452 5970 4790 7528
5971 7528
67239 14113 52513 110109 66942 270106 20091 69072 984 18114 26961 14268 230737 22154 19933 20116 13207 67160 76808 22974 55131 67891 19983 27225 64934 84057 19988 55989 19989 2622 19921 26156 11837 6203 27367 27050 59014 67949 19941 10376 20104 22121 20102 67134 12181 12607 67115 228889 4736 17975 57750 5303 6134 69902 27176 18432 56200 56095 1665 69237 19899 66480
20466 17119 17187
20467 17119 17187
4084 4149
4149 4609
25942 4084 3066
6125 6124 2091 6122 6129 6128 10514 6222 7307 55299 6160 4904 4670 4869 10528 6152 6154 6155 6156 6157 6158 59 4736 10969 8971 51602 292 1660 6203 11137 6142 6141 6147 6146 6144 6194 4809 55131 81027 6176 6175 6173 6170 6727 25873 4673 6168 3007 6161 8342 11224 6165 51631 1938 7150 6205 6206 6207 6201 6202 55646 6208 6209 23521 3609 3608 10642 3178 11338 7846 1915 6143 6217 6159 6210 6218 7284 9349 6949 26354 9188 4691 6187 9221 6181 6228 6229 6189 26156 6732 55681 72 9045 6138 6139 6132 6133 6130 6136 6137 6134 6135 3192 6235
29102 54487
3688 8515
22801 3688
22801 3688 1277
2965 1024 892 2960 2962 6598 54760 6597 5430 6595 6601 9412 6603 6604 2959 6599 10589 6602 6908
1024 892 6598 6599 6602 6601 9412 6603 6604 6605 86
1024 892 8850 6595 2962 6598 5430 2967 9412 2959 2071 1387 6597
902 1024 892 2962 6598 6599 6601 9412
280668 11495
81918 63994 27494
79075 5429 5982 5983 5984 5985 63922 54921
4289 10048 64795 10296 25852
512043 7411 504735 538090 613336 5201 5203 5202 281047 505313 533784 514355 10471 5204
8085 55291 80209 55728 23054 22976 58508 23528 9070 5929 7403 11091
20807 314436
20807 246297
4691 54487
3609 54487
3609 57510
4691 2521 10521 54487 3609 3192 3187 10236 3309 1655 1660
2178 2188 2176 2189 2175
595 1019
894 1019
1019 896
1021 595
1021 894
1021 896
65180 259243
65023 65195
10452 351
10431 351
17827 53375
29302 16410 56083
3655 6464 3691 2885
10431 10440
92609 6606
92609 8161
22632 19017
22632 19017 56717
5591 2547 7520 103 3069 1660
3690 6520 3685
8829 3688
16773 24511 81008
24511 25614 81008
5029 2768 3685
3688 3680 6696
3678 3688 6696
16414 78369 16411
3386 3690 3674
7448 3693 3685
6606 6628 8487 6633 6632 6635 6634
12361 22342 16559 108030 14812 234678
5450 5451 7088
5452 7091
7089
7089 7088
7088
299636 29577
7090 7091 7089 7088 3020 8350 126961
5663 55851 83464 23385
6778 27044 1660
21887 14797
5450 5451
5295 5290
11936 396898 397481
21885 29577
208 57630
10267 10203 25388
10203 10266
10268 10203
11308 20662 13860
6654 2885
59042 54161 70349 213827 50797 56447 12847
59042 54161 70349 213827 50797 56447 12847 11840
70349 213827
70349 213827 11840
579 7090 7091 7089 7088 4824 79816 28996 3065 25942 5928
579 7090 7091 7089 7088 4824 79816
140809 5052
18128
115557 2776 387
54567 10683 4853 28514
1499 6934
9612 3516 3065
5618 5617
5216 54518 5906
5216 54518
54518 7408
5618
2155 2159 2152 7035
25590 54239 24877
7088 8820
1499 2932 8312 324
9612 23309 8820 3066 3065 25942
1616 8312
13163 12005
1616 7157 8312
14809 14806
7157 8650 4193
30011
30011 29760
7398 57599
9630 9138
19247 327826
19247 14784
20662 19247
1385 8543
2274
5781 5156
2275
9457
5781 2885
2275 2274
2274 9457
1385 2274
2275 1385
1385 9457
208727 14702 14688
15184 14702 14688
504242 281201 281203
14702 14688 12229
9457 8676
4089 6497 6498
6497 4087
4088 6497
4089 6497
16331 20416
16331 20416 12983
16331 20416 14784
6497 4087 9611
4088 6497 9611
4089 6497 9611
1739 320 8825 8573
8825 8573
1739 8573
25252 58948
13383 12361
18509 23808 75410 140858
10870 22914 80329
80850 117020 24400
84009 80850 24400
19664 4853 270118
19664 270118 18131
4855 19664 270118
19664 4851 55534
19664 4853 55534
19664 18131 433586
4855 19664 55534
281796 281201 615447
24410 24409 29495 24408
16149 12505
84591 24680
84591 29627
1025 3572
16195 107951
2060 85439
140670 29177
4089 7050 4087 8928
4089 7050 4087 3065 8928
19213 21406 19664
29627 84016 25247 100226
10066 10067 9522
25942 9612 23493 3065
5925 3065 6597
28514
5663 51107 23385 28514 55851
29627 50592
29627 60355 24318
11218 50628 25929 6606 8487
14800 74053 121021
11218 50628 25929
79760 11171 79833
25929 6606 8487
4671
533784 287007 504735
18148 18150
12224 56469
10466 84342 57511 91949
10466 91949
84342 9382
18762 22034 18412 29806
22796 25839 83548
10466 57511 91949
84342 22796 25839 83548 9382
10466 84342 57511 9382 91949
18759 22034 18412
13001 14173
110651 14173
27494 18815
2547 3014 1660
4306 8648 7329
9146 10254 9610
1956 10254 9610
25884 650
25884 57045 650
17128 17126
17128 17127
10426 5116 10844
259279 74237 18541
4089 6497 4087
4088 4089 6497
236643 11891
1387 4087
4088 1387
4089 1387 4087
4088 4089 1387
85406 5082
154
20683 13555
242705 6667
13557 6667
207 8115
208 8115
8115
5925 3065
12558 12387 22437 12388
27409 67470
27409 11307
27409 26357
27409 192663
192663 67470
1869 126626 7027
140592 29627 29628 171571 84016
6722 2626 93649
85458 11651 13542
85458 12005
80223 8766
83501 360406 84353
208104 21428
17119 21428
4088 6497 25942 3065
64750 4087
4088 64750
4088 64750 6498
64223 79109 2475 253260
64223 2475 57521
8192
53895
270166 53895
10845
8192 10845
87 29780
5074 23621
8517 405 2034
12005 56637 13542
12005 56637 13542 14296
7520 7486 2547
3224 4091
3205 4091
1499 8727
1499 1495
19082 108097 78975
50686 24855 60445 79257
23770 3320 3326 805
51024 10059
2908 3192
8668 8661 8662 8666
8668 8661 8662 8663 8666
8668 8662 8666
8668 8669 8662
8668 8661 8662 8666 8669
4800 4801 4802
4800 4801 4802 708
1739 5576 153 9495
79139 258010 7415
79139 267 7415
79139 55829 7415
55829 51009 7415
6400 51009 79139 84447 7415 55829
269523
1499 7082 1003 3791
25400 140908 12570 81634
5925 1874
1021 1019 896
1026 1021 1019 896
894 1019 29950
55942 21781 13555
21781 58172 13555
6839 1874 5934 3065 1786
1874 5934 2033 6839 3065
12581 12567
12581 12571
12580 12567
12571 12580
98758 59013 19205 56195
890 1869 5933
12444 12581 12567
5925 7020
140673 60355 116470
60355 8774 116470
10664 6418
10664 4869
6595 4204 6605
898 1874 5933
1874 5934
2002 6722 2004
164 5045 55690
25622 287942 63881
12402 25622 24329 287942 63881
63881 25622 59109 287942 84477
868 1956 30011
208650 58194 13649
208650 18596 58194
20587 67155 17257
15182 67155 57376 20587 20588 17257 20466
5591 2547 7520 9656
7094 5747 5310 999 5829 3728 7414 1499 9564 6714 87
3717 5724 7297
5591 23054 7520 2547 142
5591 8894 1968 1965 3609 3608 7520 2547
25942 6605 4204 3065 6595
15182 67155 57376 20587 17257 20466
10971 23523 805
7074 1947 1969
23512 14056 8726
21844 13836 13641
8517 1147 79155 3839 5966 4794 5971 5970 4790 4791 4792 4793
8517 5970 1147 3551 9919 9020 55294 4791 5966 9099
84661 11091 9070 23054 22976 58508 79447 9757 5929 7403
8945 1147 6500 8454 5537 9701 22870 5970 9641 4791 5966 23243
4361 4683 7158 22976 641 10111
5914 1387 6256
4215 81572 3326 11140 10971 7531 3320 5607 5202 3308 84231 7534 7529 2011 7533 7532
9014 9015 6908 9013
288475 266777 81005 29218
7337 5687 29978 29979 5683 5682
10010 7186 7187
5300 5518 5520 5894 5516
64343 11140 3320 9755 3326 29110 10010 7186
55670 5189 5190
10454 23118 1431
811
26993 10788 1147 79155 5970
5604 8649 28956
1459 1460
1457 1460
8649 5594 28956
26417 83409 56692 26413
10914 5970 1326 79155 5966
6117 6118 6119
10318 8517 1147 9276 79155 9043 5966 4794 5970 4790 4791 4792
2547 7520 6117 6118 7158
2734 8517 1326 1147 79155 2969 6128 6207 4792 6156 5966 5971 5970 4790 4791 1654 4793
1147 25885 10128 5134 4163 5437 3551 51082 9462 23291 84172 64425 8517 3838 8454 10788 4790 4791 4793 4528 10849 5441 6500 5966 5970
3320 57805 3551 3326 11140
2547 7520 7486 142
12578 17869 17187
10592 10051
8243 9126
55775 7515 3980 11284
54344 8813 8818
83501 29875 64465 84353
83501 29875 83502 84353
29875 81818 81822
5000 2547 7520 23594 23595 4999
15114 13191 15194
1977 1982 1973 8569 1981
10013 1499 2033 6925 7341
6925 1499 2033
6925 1499
6925 1499 1387
8517 1147 3551 6205 6132 11140 6128 3320 6124 6207 2091 3326 6156 9020
6921 23032 6923 7428
2289 11140 257397 3320 6885 3326 10454 23118
2289 11140 3320 3326 9641 3895
6921 6923 7428
12558 12387 16569 12388 16579
3091 5702 7428
79658 1495
54583 3091 10956
112399 10956 3091
9367 10226 3482
1499 999
6714 9564 5747
10978 116461 283989 80746 79042
10978 80746 283989
2289 3326 1147 11140 4793
8517 1147 11140 55054 3320 55749 3326 200081 29110 4793
7157 2547 580
12501 50932 17973
23872 20586 20587 57376
6598 2114 6597
12503
12501
29149 25404 97387 114520
19339 56508 116838
18012 19650 15370
12502 12501
12503 12502 12501 12500
12503 12502 12501 12330
64829 25531 116839
27429 9113 331
5829 2017 50807
999 1163
6502 999
67155 12606
16842 21885
7157 7528 4193
12387 16842 21885
1793 9844
9844 1794
1793 5879 9844
1793 9844 1398
140670 140694 85238 313474 117028 54241 116743 11771 81922 65178 60668
140670 140694 85238 117028 54241 11771 60668
320207 30955
14787 76378 11848
8087 27161
51434 996 8881
5430 3192 2962
257632 192656
24244 114207
6257 7068
472
51752 64167
6717 25801
6717
8850 10579 10460
2033 1958
81762 81531
3692 23405 27161 6895 4343 6130
29738 25468
6143 6168 23405 6144 6161 6165 6164 4343 6129 3692 6181 6155 6156 6158 9045 6138 4736 6142 51187 6130 6136 6137 6135 25873 6176
6895 23405 27161
405 3091
1649 57761
5896 5897
23521 2058 2597 10492
57680 6879 9070 8607 1876 27043 54881 3308 6878 6874 6872 11091 26168 6045 5929 125476 81887 6880 10445 3054 51230 4297 84148 124944 26121 8972 284058
1991 5265
12 1511
5265 1511
675 5888 79184 672 9577
3799 23207
12569 12568 18555
17927 21423
17927
4914 4803
4908 4804
7074 2902
3352 1901
3352
3350 3352
3351
3351 3350
3351 3352
9568 3350
3350 2849
1903 3350
3350
3350 1901
5071 9529 3308 3303
4803 4804
8841 29123
15511 12443 12567 12575
14048 13134 20471 93837 14050
3084 64375
2057
2889 1398
2057 2056
14811 16975
14812 16975
7913 10250 9939 10189 10921
6837 10001 9477 5469 10025 84246 219541 54797 90390 51003 9282 29079 55588 9443 9442 9441 9440 400569 9862 112950 9412 81857 9439 23389 4976 51586 9969
54797 9477 55588
20807 214384 54601
12006 12387 11789
5970 4790
5970 4790 8648
5970 4790 4792
4794 5970 5966
5970 5966 4793
5970 5966 4792
150684 5970 4792
16202 110829 19241
902 2965 2966 1022 2068 2071
117030 362862 24826 25617 29511
3611 9459 29780
9459 29780
117030 24826 29511
117030 24826 25617 362862
2146 7528 8726
29564 83462 257648
1911 648 6015 8535
1911 648 1912
2146 8726
13619 22658 12151 12416
23770 805 596
24176
329 7186
4055
329 7132 7186 8717
282173 281066
56288 50855 23236
5331 56288 50855
7186 8717
8772 7186 8717
9133 983
891 983
891 1647 5111 983
891 4616 5111 983
891 5111 10912 983
3593
983 891 899
891 5727 983
890 1017
890 983
84612 998
890 983 1017
898 1017
3716 9021 5781 8543 3572
16392 16451 20848
1387 6772
30930 56433 65114
8431 2494
361846 56433 65114 25046
24338 25615
15529 13844
1270 1271 3977 3572
3976 3977 3572
362093 299691 170917 287422 317259
362093 287422 317259
63840 362093 317259
286826 91750 55957 132660 5933 4605 5928
29738 25522 113894
5928 55957 132660 286826 91750
286826 55957 91750 1874 5934 132660 5928
192258 25522 113894
4008 6709 4643 80143 1266 60 4627 2010
60 9111 6709 2010
60 9111 2010
6709 4000 4001 60 9111 2010
4008 3024 60 8815 5933 3065 8350 8841 2010
79130 299331 25183 24468
4175 708 4171 4173 4000 4001 3024 5925 9111 140836 5934 3192 8350 2010 79595
25531 25183
7529 11140 10146 4001 56647 57819 60 8815 51691 6741 9406 3190 6632 7531 2010 79595
84661 6598 6599 6709 6601 23186 3065 4001 140836 8841 29079 2010 10155 9111 10284 90665 8350 60 5934 5933 79718 1108
708 60 23592 51691 10212 3068 10971 4001 3024 8826 7531 2010 9111 3609 1152 8539 6632 27250 7067 5934 3192 3191 3190
15481 15507 15505
63943 3320 1026
26408 280991 281832 767874
67784 20349
67784 18186 20349
22295 17913
26408 22034
67784 20349
2903 2534 1742
9700 9232
9700 983
81859
81859 78957
8829 9855 5361
5362 8829 9855
55558 8829 9855
91584 8829 9855
23129 64218
81 815 57554
1869 5925 1053
10512 8829 23129
8482 10154
10507 5364
5925 5987
55558 8829
8829 5364
8828 5361
508541 407170
7516 5888
10952 7353 7415
8829 80031 5361
10673
433759 116848 13433 13436
11176 8467
1789 3065 11176 1786
8829 3791 7422
0 397157 8829
8829 7422
0 397157
268697 12534
3275
30011 6457 867
17246 12578 67025 22059
407170 281572
8517
8829 7424
8828 7424
2277 8828
2277 8829
4088 7046 7048
60 5430 6908
22030 93765 11797 11796 26401 26400 16151 21939 26398
8828 2324
22030 11797 11796 26401 93765 16151 21939
26401 21939 93765 22030 16151
26401 16151 22030 93765
8829 5361
8829 10371 5361
150 2891
598 8837 841
10055 10054 7341
10055 10054
5362 10048
10048 55558
10048 91584
64780 1400 5361
861 865
235611 18844
8772 8837 841
8772 8837 355 841
8772 355 841
9817 192111 4780
18024 50868 26554
18024 50868
8772 355 841
2561 2554 2566
7157 596
7157 598
12122 12018
12018 22059
54205 317 842
637 596
10018 596
598 10018
598 637
12015 12048
5366 4170
578 4170
8517 3551
8517 1147
11315 6622
5894 5604 7531 8844 673
89941 22906 65018
89941 22906
11315 5071 65018
223881 20130 235611
9131 5478
8517 1147 3551
120892 3326 11140
8772 355 843 841
8772 355 843
7416 857 2099
322 57616 3065
19164 226548 59287 66340
5605 5604 7531 673
5604 7531 5894
5519 5515 51400 1973 5518
72930 19052 16706 51792
19052 16706 51792
72930 19052 51792 110157
19052 51792 110157
22630 22631 22627 22629 22628 26395 26396 54401 16706 55948
22630 22631 22627 22629 22628 26395 26413 26396 54401 16706 55948
0 22627 18148 17975 13191 75782 69654 396648
16706 13001 12995 13000
16706 72399
8844
10971 2810 673 5894 7534 7529 7531 7533 7532
5605 5894 8844 5604
5605 5604 8844 673
4893 3265 3845 5894
5894 673
5894 10256
10256 673
10256
6714 5894 10256
22630 22631 22627 22629 22628 26395 26396 13001 12995 54401 16706 13000
22630 22631 22627 22629 22628 26395 26413 26396 54401 16706
26395 16706 26396 109880
26395 26413 26396 26417 109880 16706
