7518 11284 3981
1861 27348
2770 4926 29899
16706 72399
84296 64785 9837 51659
51752 64167
1111 8451
110651 14173
22360 68581
16331 20416 14784
24383 83535 24849 25630
5879 8826 324
518637 508448 513315
93711 12936
2274 9457
54583 3091 10956
2547 3014 1660
65109 5976 26019
1616 546
79658 1495
7311 3921 9349 6144 6143 6142 6141 6147 6146 6122 6161 6160 11224 6165 6128 6167 6222 6193 6205 6129 6164 6204 6223 6206 6207 6227 6224 6203 6228 6229 6208 6209 6189 6188 23521 2197 6181 6201 6125 6231 140032 6187 6152 6194 6154 6155 6156 6157 6158 6159 6175 6173 9045 6171 6202 6169 6138 6139 4736 6168 6132 6133 6170 6230 6136 6137 6134 6135 6217 6124 6191 6192 6210 6235 6234 25873 6232 6176 6130 6233 6218
8482 10154
81807 64525 25562
6778 27044 1660
5604 8649 28956
19166 19167 26445 26444 26446 26441 26440 26443 16913 26442 16912 19172 19171 19170
100009385 100009197 730 15139 100009076 100009128 12274
12488 12388 54631 403752
140803 54822
23880 19261 54353
64750 4087
12503 12502 12501 12500 12330
9700 9232
24061 13006 19357
3352 1901
3937 5336
17125 18128 2033 8850
512043 7411 521540 504735 538090 613336 5201 5203 5202 281047 505313 533784 514355 10471 5204
13001 14173
23013 1487 5932 3516
150 2891
10921 10284 22985
72930 19052 16706 110157 51792
17246 12578 67025 22059
142 3014 128312 4869 3309 811 22907
13858 15239 8027
24672 24673 689560 64553 293508 25636
14809 14806
29627 60355 24318
0 397157 8829
11198 91754 6749
84289 23522 11143 79960 64769 23338 23774 7862 7994 27154 9767
241035 18764 16568
2309 8850
16439 18803 13857 22064
24803 303183 116470
22295 17913
9652 80349 6499
25388 10203 10267
59020 20505 67182
314322 24516 24413 25125 171068
84148 10933
16195 107951
3621 5111 2033
360953 60561 5714 9183
12995 67603
508541 407170
405 3091
8624 56984
235611 18844
23512 14056 8726
3297 3298
2908 3192
80063 6667
4089 6497 6498
868 1956 30011
10207 64398 23418
4089 7050 8928 3065 4087
12387 11789 105782
3688 7057 3675
2146 23411 8726
10891 6429 6431 6430
23513 3993
5890 5889
9782 4841 6421
79803 11234 84343
18762 16897 56513
338075 282148 338089 338059 282147 513520 287017 286768 281641 338082 550622 404152 327687 282405
10048 55558
26395 26413 26396 26417 109880 16706
330938 26407
6773 6772 10379
11308 20662 13860
6774 2033 4086
266601 24392 301252
83501 29875 83502 64465 84353
23872 20586 20587 57376
14460 93762
21677 22630 17475 22601
25 672
990 84515 4999
10664 4869
21340 21374 21341 21339
1050 3175
4535 4536 4537 51103
130340 1174 10053 164 55435 8905 8907 8906 162
1021 595
22938 9612 3516
4008 3024 60 8815 5933 3065 8350 8841 2010
10445 11007
5029 2768 3685
16410 24943 64202
5071 9529 3308 3303
20807 25483 246297
15529 13844
54320 25406
21423 14460 14461 21349 16825 16909
11765 11766 11767 11764 16553
3205 4091
8773 6804
7336 7334
68094 57376 83797 20587
3672 5771 3688
2277 8829
66152 66694 67003 66576 22272 22273 67530 17711 66594 66445
22601 21679
287020 287027 338073 281570 338057 338079 327714 326346 282517 615757 287327 444878 281090 327702 327701 327706 327704 327690 281742 327660 282199 100270792 338061 327665 404188 616109 0 327688 288380 613899 3283889 327680 282394 338064 338065 338063 338046 3283888 404161 3283886 3283885 782486 282393 3283884 3283880 327674 327718 327670 287012 327717 327710 282289 287014 327713 286885 512500 338084 616871 338060 327698 282290 327691 327673 327697
9517 55304 10558
2078 2114
10971 23523 805
108143 21343 226182 68776 270627 24074 24075 228980 63856 66464 319944 21374
10256 673
22030 26400 11797 11796 26401 93765 21939 16151 26398
116848 93762
1025 905
5160 0 517402 613610 1738
15114 13191 15194
3921 2197 6222 6205 6204 6187 6223 6206 6207 6201 6224 6203 6228 6229 6208 6209 6189 6227 6202 6193 6194 6217 6191 6210 6235 6234 6188 6231 6230 6233 6218
63881 25622 84477 287942 59109
7517 5890 5892 5889 7516
6885 23118 10454
12558 12387 16569 12388 16579
171531 11891 17918
894 1019 29950
10426 5116 10844
14787 76378 11848
160622 9265
0 100009068
10268 10203
3778 154 9495
55752 989 23176 10801 4735
192258 25522 113894
25398 83731
2648 6880 8464
4092 64750
68275 55993 19891 68240 12144
1387 6772
5829 3693 5747
1789 3065 11176 1786
304017 266601 300075
598 637
8829 5364
363972 65195
24679 24675 24674 25522 29699
12005 56637 13542 14296
7014 7486
55506 1791 9555 30836
6829 6827
4437 4436
83805 140694 81637 24949
9212 3619 55143 7813 332
51367 11102 10556 10557 10248 10799 10775 10940 54913 79897
1869 126626 7027
2309 23411
83501 29629 84353
9342 6804
17128 17127
26413 56692 26417 83409
2339 2342
641 9519
17128 17126
8829 80031 5361
93711 12939
4439 4438 2874
24176 171026
23513 28964 8874
21813 21812 20901
54189 56715
354 7857 5104
9156 5395 4292
67673 56438 67923 75717 415115
4914 4803
648 8452 8405
57342 16202 110829
9146 10254 9610
78943 12028 12018
79130 299331 25183 24468
55367 8738 835
75788 56513
6738 1387 10499 8648
5692 4946 4086
5216 54518 5906
65180 65199 363972
11198 1457 6749 1459 1460
14389 18708 19713 14784 19247 20416
12558 12387 22437 12388
20467 17119 17187
67784 18186 20349
112399 10956 3091
140557 56739 20962 13006
3690 50848 3685
16514 25559
3981 79840 7518
8431 2494
14811 16975
12018 22059
12569 12568 18555
70729 19416 18125
17827 53375
20466 17119 17187
5971 7528
1911 648 1912
19183 76915
54518 7408
1605 859
29718 362242
641 7156
4800 4801 4802 708
24244 114207
245709 50556 116654 171455 69940 60627 64632 252881
4084 4149
890 1869 5933
83501 360406 84353
540853 788566 282116 281711
24803 140673 29528 81803 60355
15511 12443 12567 12575
10431 10469 10440 10245
3690 1293 3678
2033 1958
5618 5617
10066 10067 9522
12015 56177 83767
11198 51386 3309 3014 128312 4869 6741 10236 554313 811 6749 26986 805
83501 50592 84353
8540 8443
14191 19229 232906
1270 1271 3977 3572
8773 10228
234678 16559
5083 4487
10856 10847 55929 8607 80314 8295 10902 57634 86 6944
12578 17869 17187
259279 74237 18541
12015 103988 18747 83767 19047
29192 365872 289231
12224 56469
6594 51773
24551 245922
79760 11171 79833
5576 5530 9495
12387 16842 21885
15481 15507 15505
167227 5394 54464 22803 54512 23404 65109 5073 5976 26019
27429 9113 331
18759 16897 56513
10403 57405 83540 147841
80223 8766
12826 12406 53421
5518 5984
4803 4804
7220 857 2767 3710
81918 63994 27494
30011 6457 867
928 3690 3674
361618 89821 304496
16202 110829 19241
17126 17127
16773 24511 81008
29548 3708 7220
433759 116848 13433 13436
22416 20187
8673 9341 10228 8674
269397 320558
64830 116470 24803 25716 25012 24923
0 404004 404016 404003 404005
16593 16594 16573
1991 5265
10026 128869 8733 51604 94005
616317 281555 777775
3430 9111
1213 347733 5216 71 7415 3312
4893 3265 3845 5894
223881 20130 235611
316258 29647 64563
1024 892
9341 143187 10228
3694 3685 7043
8850 10579 10460
397169 397470 397088 397656 397136
71096 268534 20649 13527 13405 13528 20650 20648
80351 8658 7013
19374 19373
322 4035 351
14050 13134 93837 14048 20471
9031 8467
19075 19076 18969 18968
8453 55832 9978
24577 81647 24516
5591 64421
14360 12488
10199 55272 92856
282173 281066
16506 363972
3689 967 3684
24511 25614 81008
310710 94189 65134 29631 64154 54350
12502 12501
4175 708 4171 4173 4000 4001 3024 5925 140836 5934 3192 8350 9111 2010 79595
71096 268534 24051 24052 24053 13405 20648 20649 20391 20650
4088 672
66046 67273 66416 66414 225887 66495 69875 17721 66091 78330 75406 66218 595136 68375 68198 227197 54405 68197 104130 67264 67130 67184 66916 70316 17716 17993 17719 17718 407785 17995 230075 226646 17992 17991 68194 68349 66108 72900 68202 68342
24414 116692 192254
8202 2099 1147
12709 17751 15516
117030 362862 24826 25617 29511
6502 8945 7465
19664 4853 270118
7706 23586
19247 14784
83990 672
24338 25615
2549 53358
16569 18764 241035
14225 56717
1024 892 10001 84246 9282 9412 9439
10011 8648
64630 59267 85491 81803
1293 3688 3673
12580 12567
79026 3981 7518
3091 5702 7428
26401 12005
57113 7220 7222
65180 56817
22063 13405 20648
6657 5080
12581 12571
7750 7341
23673 9146 6616
16331 20416 12983
4686 63941
8517 405 2034
6722 2626 93649
25600 13405 114489
7157 2274 28996
51592 3832 2874 9611 10009 6907 79718 8841 9682 7464
4998 990 672 51053
4535 51103
1869 5925 1053
25400 140908 12570 81634
20807 214384 54601
362283 366673 65277 60562 53330
7157 1616 28996 8312
29272 16506
51564 604
51678 8825
30011 29760
112936 55737 6642 6643 9559 51699
85458 11651 13542
1499 1495
79139 258010 7415
8829 10371 5361
3976 3977 3572
6594 27443
56813 24917 288064
10971 2810 673 5894 7534 7529 7531 7533 7532
5432 5431 26015
3456 3454 3455
281796 281201 615447
282338 281794 281453
8828 5361
53372 11097 79023 291874 58958 25281 7175 79902 295692 113929 245922 366016 23279 4928 348995 5903 25497 55746 117021 65274 362281 57122 81929 8021 113975 8086 6396 23165
5970 4790 4792
3655 2534 3691
5450 5451 7088
7516 5888
79139 55829 7415
1111 8454
12488 104027
361655 363854 312510 117280
3609 57510
604 9759
192663 67470
21885 29577
22944 6117 5111
20194 194352 12306
115557 2776 387
55957 91750 286826 132660 5933 4605 5928
898 1027 1017
5430 3192 2962
3953 6642 6643 8723 5156 3643
13527 362715 314906
13052 140887
5888 672
72088 22295
80155 373
19014 51813 264064 216154 59024 0 23989 230753 69792 70208
29272 65195
320 55327 8573
208650 58194 13649
578 4170
22030 12366 19765
6938 256297
3688 967 3675
25012 25404
25467 24697 81504
25445 24517
10507 5364
10923 3172
64780 1400 5361
11315 5071 65018
363287 84580 25631 367218
84321 10189 80145 7919 8563 9984 57187 79228
67239 14113 52513 110109 66942 270106 20091 69072 984 18114 26961 14268 230737 22154 19933 20116 13207 67160 76808 19989 22974 55131 67891 19983 27225 64934 84057 19988 55989 57750 2622 19921 26156 11837 6203 27367 27050 59014 67949 19941 10376 20104 22121 20102 67134 12181 12607 67115 228889 4736 17975 5303 6134 69902 27176 18432 56200 56095 1665 69237 19899 66480
2099 6714 5295 9564
2146 7528 8726
79158 508713
5283 5277 5279 9091
23770 3320 3326 805
84126 545
269397 13006 20957
84591 29627
672 7415
18969 18968
5979 53358
100270792 0 282199 338086 782486 282200 3283880 287012 327688 327674 327718 615757 444878 281090 281091
5425 5424 5111 10714 57804
207 8115
26896 67381 216154 66213 57261 56771 108098 69792 234959
20683 13555
70099 269397
7157 23411
6809 6804 594855 339302 6616 10815 10814 6844
27409 11307
19339 56508 116838
3694 2335 2534
208104 21428
22320 20619 20909
10048 91584
93709 12936
4174 4175 4176 4171 4172 4173
5362 10048
6925 1499 1387
316258 64563 12388 116777
8085 7277 9070 23054 58508 203068 5929
7249 7248
56042 81754
208650 18596 58194
2934 58497
268697 12534
3690 7052 2335 3674
57332 6015 22955 8535 1911 8467 6045 84733 648 7528 1912 80012 3303
533784 287007 504735
21677 22601
4008 6709 4643 80143 1266 60 4627 2010
20662 19247
21887 14797
10512 8829 23129
17268 5089 15405
10892 7186
7220 84876 1501
2113 2114
5202 5201 5203 7411 10471 5204
13052 83964
7157 6667
5896 5897
29564 83462 257648
55504 65078 84894
3680 3688 280668
65180 259243
13405 18125
3351 3350
8291 29780
84612 998
65134 83809 116643
3672 1293 3688
5519 5515 51400 1973 5518
54797 10001 9282 29079 9443 9440 9439 9862 10025 51586
171137 25383 170912
6626 4841 6421 1655
24803 140673 60355 25012 116470
1956 10254 9610
63943 3320 1026
7052 2335
65023 65195
29718 25293
1739 8573
25150 50646 25676 79125
8517 1147 3551
29232 25240 29692 25643 25472
74998 19707
14282 24517
26754 12848 209318 11692 108679
19664 4851 55534
64398 58538 23418
7469 25920 51497 7936
9156 5111 4292
97122 17685 17688
8202 5970 2099 602
9325 84164 10973 51008
242705 6667
22801 3688 1277
2983 2977
7088 8820
29753 25578 24264 83718 81822 64158 25751
8772 355 843 8837 841
6432 4904 79622 10081 11066 114034 154007 6628 79706 6633 6632 6635 6634 6637 6636
3350 2849
8518 26610 55140 55250
54797 9477 55588
14460 14582
140809 5052
19164 226548 59287 66340 68581
18609 17536 18514
2277 8828
8517 5970 1147 55294 9919 9020 3551 4791 5966 9099
1499 6934
79114 3730
12468 12469 12464 12465 12466 12461 12462 21454
2274 23411 2308
9341 8675 8674
4804 65078 84894
1457 1459 3146 1460
20187 14370 22408
24803 140673 65033 29528 25012
3799 23207
3689 81 29665 5297 3909 60 5787 3326 4356 6840 3312 3303
140722 29647
24890 25517
232910 11772 116563 163
192363 24598 24949
55670 5189 5190
25686 293614
10055 10054 7341
27040 5335 867
4323 3696 3685 7040
5970 5966 4792
320207 30955
2963 2962
598 8837 841
55851 5663 51107 23385 28514 5664 83464 682
5371 7750
51024 10059
17975 18148 20947 11545
15519 11622 11632 15516
6657 5460
29571 54241 83800 266809 116561
10013 6925 2033 1499 7341
8829 3791 7422
23013 1488 1487
23644 55802 1656 80153 167227
21844 13836 13641
7398 57599
18509 23808 75410 140858
98710 16400
2017 9026
116563 65178 117277 81637 60668
512043 504735 538090 613336 281047 505313 533784 514355
8841 29123
22337 17127
9184 991 701 4085
11793 77040 67526
330938 19353 13543
14697 14682 281452
