29192 365872 289231
5576 5530 9495
595 1019
5888 672
3688 3676 58494
6497 4087 9611
5902 953
616317 281555 777775
12709 17751 15516
91687 79019 378708 1060 64105 55166 80152 79682 401541 55839 64946 23421 79172
75788 56513
303634 293614
1026 5111 1019 595 1017
83501 360406 84353
30011 867 6457
689560 24675 64553
16651 24051 24052 24053 20649 20648 20391 13528 13527
8517 1147 11140 55054 3320 55749 3326 200081 29110 4793
7518 79840 3981
2113 2114
4893 3845 3265 5894
55832 8451 9978
579 7090 7091 7089 7088 4824 79816 28996 3065 25942 5928
20662 20416 14784
2289 11140 10454 3320 6885 3326 257397 23118
5111 1786 10919
18024 50868 26554
327668 617230 338081 327699 327675 282578
11315 6622
18759 16897 56513
84142 580 672 5932 51720
890 891 5426 142 983 6117 7150 6118 6119 5982 5424 5981 5422 3978 1017
316258 29647 64563
6118 7520 6117 2547 7158
13430 20779 20964 13429
72930 19052 110157 16706 51792
81859 78957
8829 5361 10371
64398 58538 23418
578 4170
60562 116500
110651 14173
8192 10845
50791 11479 17127 11480
5921 4067 2534 7525
5393 118460 5394 51010 51013 54512 23404 11340 56915 23016 22894
25842 8208 4678 6767 55723 11200 8350
22320 20619 20909
104099 16412 21825
7324 56254 9810
54296 83579
10856 10847 64431 55840 8607 3015 10467 8089 86 6944
4089 6497 4087
8624 56984
288064 24917 56813
64343 11140 3320 9755 3326 29110 10010 7186
22030 12366 19765
89941 22906 65018
3609 57510
54583 3091 10956
9612 9611 3066 3065 8841 25942 8819
14360 12488
9804 51295 4722
518637 508448 513315
150684 5970 4792
10856 10524 55929 8607 80314 8295 86 10933
17977 328572 12914
18509 23808 75410 140858
130340 1174 10053 8905 55435 164 8907 8906 162
1869 5925 1053
57332 6015 22955 3303 84733 8467 6045 1911 648 7528 1912 80012 8535
114489 25293
64783 23759 10291 84991 23517 55696 11051 11052 10450 9775 22938 7307 3550 10189 80145 25949 9939 56259 57187 7756 8220 23451 10521 10286 10285 1153 4236 9984 10594 1665 1660 988 9092 8683 51690 22916 5496 9716 51362 84321 25962 4809 53938 1659 55234 9785 51755 25804 51593 7536 1654 1655 26121 4116 51503 10421 6426 6427 51428 8899 8896 6428 6429 27258 9410 10907 9416 51747 84811 9128 9129 57461 6631 7919 9879 10250 4343 11157 6434 6432 6431 6430 51340 51639 26986 11017 10992 23013 10915 23398 23524 10643 9584 8559 11338 10569 9589 22985 4686 58509 51645 10921 51729 27339 10713 27336 9343 8175 8563 6628 6629 6626 6627 6625 5356 24144 79002 24148 8449 22826 55660 10262 58517 10465 23350 22827 23450 6633 6632 6635 6634 6637 6636 57703 9295 56949 94104 57819 23020 29105 79228 10946
8826 998 324
16331 20400 27218
22794 4116 65109 9939 9775 84305
10664 6418
13542 14296 12005 56637
11146 6500 26259 9820 9978
5083 4487
7014 2547 7520
10452 351
5591 7520 2547 103 3069 1660
56042 81754
67784 18186 20349
13433 98053 14885 3047
80155 373
8828 5361
63943 3320 1026
641 9519
977 3688 3675
2983 2977
3297 3298
57113 7220 7222
120892 11140 3326
208 57630
84321 10189 80145 7919 8563 9984 57187 79228
23512 14056 8726
3688 3676 7057
1793 9844 1398
10943 55167 84148 284058
4088 10393 4739 999
2176 2175 2178 2188 2189
84591 29627
3693 3685 5329
68094 57376 83797 20587
3688 7057 3675
641 7156
4686 63941
5618 5617
23405 6895 3326 27161
25636 171026 24925 293508
9330 7150 10923 9328 9329 2971 2976 2975
3456 3454 3455
2146 23411 8726
16392 16451 20848
1615 7965 2058 9255 4141 9521 5859 3376 51520 5917 3735
18968 19076 18969 19075
0 397157 8829
2547 7520 5111
72194 21402 26965
29686 25716 24766
83444 10856 54891 8607 54617 125476 4798 6929 10445 79913 93973 86 283899
3690 7052 2335 3674
8850 10579 10460
8773 6844 6810
25012 81803 83730
79130 299331 25183 24468
6810 6843 8773
21844 84686
29875 81818 81822
8829 7424
164 5045 55690
100009214 24052 100008714 100009278 20392 22288 100009208
9212 7514 332
1457 3146 1459 1460
10892 8915 7189 23118 387522
305240 266780 83427 171350
6606 6628 8487 6633 6632 6635 6634
902 1022 9112 4331 3066 2099
6778 27044 1660
2965 2071 2966 2967 2968
93701 12936
3693 6696 3685
11198 51386 554313 3014 128312 4869 6741 10236 3309 811 6749 26986 805
4088 4089 6497
604 10014
7469 25920 51497 7936
4303 4088 4089
8517 1147 3551
86 51742 3065 6597 3621 6599 10284 6601 6602 3066 5931 6598 25942 5928 8819 8289
3688 23428
23770 805 596
11177 8467
84027 84353 79257
25012 81022 116470
6774 4435 3091 328 163732 10370
1431 23118 10454
9382 22796 91949 10466 84342 83548 57511 25839
5979 53358
9943 65125
25012 25404
12488 12388 54631 403752
23049 2935 23708 2107 5976
9457 8676
5431 9150 2962 79084 10419 2079 11329
81918 18759 21844
1487 5932 672
2033 1387 8202 8850
8661 8662 8663 8666 8668 8669
29686 81574 24805
10870 22914 80329
5519 1973 51400 5515 5518
2072 7507 2067
299266 81807 71745 25562 300084 64525 24874 252971 64624 362566
9700 983
21677 22601
4323 3685 3696 7040
19664 4853 55534
322 4035 351
12048 170770 22059
268697 12534
4087 4089 7050 3065 8928
55504 65078 84894
13528 94245 18457 17828
24907 362715
5894 673
12015 12048
117034 25720 19668
7517 5889
25150 50646 25676 79125
5430 6830 1022 3516 2033 1387
6502 8945 7465
10431 92609
108138 319583 19090
5890 5889
51160 7251 55048
29577 299636
12934 12709 11461 17751 193740 15516
7220 84876 1501
2155 2159 2152 7035
29894 8189 51692 1477 53981 1478 1479
81918 24001 25522
7189 6885
2770 4926 29899
14797 21887
16331 20416 12983
928 3690 3674
16651 24051 24052 24053 20391 13138
4088 4089 3727 2354
84296 51659 64785 9837
4088 4089 4087
56288 84552 1003 50855
18645 50884 13429 15481 19878 11461 20965 20430 20964
55832 8452 9978
67155 12606
3688 2335 7052 3678 4856
7220 857 2767 3710
3350 1901
13433 15182 66233
64223 79109 2475 253260
5074 23621
8291 29780
6809 6804 594855 339302 6616 10815 10814 6844
2811 961 2812 3690 928 3674
3694 6696 3685
843 841 8772 355 8837
3667 5295 3643 10657
25842 10036 8208 4678 79711 55723 554313 8350 8520 5928
64750 4087
10207 64398 23418
2983 2982
2277 8829
54973 675 92105 66406 25896 26512 80789 7979 55756 57508 55656 114823 55174
2099 5970 8202 602
10664 4088 4089
3655 3688 3491
7750 7341
29424 29430 25262
287020 287027 338073 281570 338057 338079 287012 326346 338065 338046 615757 282517 444878 281090 327702 327701 327706 327704 281742 327698 327660 282199 100270792 3283888 327665 404188 0 327688 288380 287014 282290 327680 3283885 338064 512500 338063 3283889 338061 404161 3283886 282394 782486 282393 3283884 3283880 327674 327718 327670 327714 327717 327710 282289 613899 327713 327673 287327 286885 616871 338060 338084 616109 327691 327690 327697
51678 8825
12018 22059
675 5888 79184 672 9577
4830 5562
18128 2033 8850 17125
14787 76378 11848
14225 56717
65134 83809 116643
8243 9126
26896 67381 216154 66213 57261 56771 108098 69792 234959
991 4085
5970 4790 4792
3688 682 3675
81918 63994 27494
3688 3680 7422
55558 8829 9855
246254 25643
999 1163
69654 22627 18148 17975 13191 75782 0 396648
598 637
4089 6497 6498
23557 282991 79803 2647 26258 84343 55330 84062 11234 63915 388552
512043 504735 538090 613336 281047 505313 533784 514355
1040 80198
1739 8573
6642 5156 1956 7037 8723 6643
7014 2957 2958
245688 116870 15182 14460 22761 433759 229542 23942 19646 116871 107932 17192 17191
20218 12988
4088 9372 5371 4087
10445 11007
3688 3680 11495
282691 6908
81664 293614
9133 891 1026 595 983 5111
18148 18150
9156 5395 4292
6738 1387 8648 10499
23476 5982 5983 5981 5984 5985
3688 3676 961
3690 6520 3685
14389 14784 19713 18708 19247 20416
1060 79019 79682 80152 64946 55839
21844 117542
25531 25183
11171 6606 79760 6636 54960 79833 50628 6637 6628 8487 6633 6632 6635 6634 11218 25929
29627 60355 24318
24410 24598 29495
3181 10016 10728
3690 8751 3685
3778 154 9495
4735 989 23176 10801 55752
6400 51009 79139 84447 7415 55829
21339 21341 21374 21340
12826 12406 53421
54107 11177 54108 8467
13589 11789 13367
25942 4084 3066
81918 84392 24205
29739 25283
8932 57459 23028 1107 9219 23186 3065 5931 5928 54815 53615
24329 81504
8829 3791 7422
14191 232906 19229
8945 4088 4738 6500 8454 9978
3084 64375
4846 857 115677
1616 546
504242 281201 281203
975 3688 3676
83589 29627 84016 29647
3672 5771 3688
192363 24598 24949
66152 66694 67003 66594 22272 22273 67530 17711 66576 66445
2648 8464 672 10474 27097 4436 8295 6880 6881 2956
3937 2885 4067 5336
1387 2033 8289
5335 27040 6654 5295 2885
8829 5364
54797 10001 51586 9443 9440 9439 10025 9862 9282 29079
18971 18972 69745 67967
988 9343 8175 10992 10291 57461 9092 23517 55696 220988 10236 6628 6629 9775 10250 57819 22913 9716 51362 5356 24144 5411 60625 3185 51340 26986 10189 2483 24148 4670 25949 53938 9939 1659 3181 3183 23398 55596 9785 8220 22938 23524 57703 55094 10283 6627 3178 9410 84292 23451 23450 6633 6632 6635 6634 6637 6636 4116 6426 51428 8899 51503 56949 51645 58509 3187 27258 27316 10450 3192 10594 3190 23020 27339 10569 1655 7307 10492 9416 10946
19339 56508 116838
25 672
4914 4803
4088 2308 4089
4855 19664 55534
5584 56288 55114
7046 7048 50855
10250 10594
22027 14828 18453 29867 64136 67838 12304 12282 19035 320011
672 580 7323
4535 4536 4537 51103
91687 11198 64105 55717 2091 8467 3309 80829 9493 6749 22837 3312 79948 25962 1058 1059 79682 9688 9785 51773 6045 51593 57332 11335 8451 23091 9589 29127 6015 1642 2491 1060 79019 79801 648 64946 79172
11176 8467
2873 6502 6500 10920 8453 8452 8454 9978
5829 3688 3676
50664 293614
3303 23028 112885 7764 1487 23186 3065 55758 6239 51317 7750 10363 10362
20807 81710 246297
17827 53375
315346 24511 56083
5925 7020
143187 8674 10228 8675 10490
7517 5890 7516 5892 5889
223881 20130 235611
29302 16410 56083
12387 16842 21885
1050 3175
14811 16975
25400 140908 12570 81634
18762 16897 56513
1029 4869 10075
18129 19664 103806
672 83990
5265 1511
81918 84392 25522
3688 3680 7424
433759 17257 20375 20466
80223 8766
13052 140887
10197 5720 5721 5692 5693 5690 5691 5689 5688 5694 5695 5685 5684 5687 5686 5683 5682
6907 6500 6477 27101
26754 12848 209318 11692 108679
245959 298596 85333 157074 25176 65262 362302
19213 21406 19664
68275 55993 12144 68240 19891
320207 30955
8454 55832 9978
20662 19247
24052 100009179 100009178 100009214 13405 100009278 100008714 100009208
6829 6827
84126 545
4008 60 4643 80143 1266 6709 4627 2010
23513 324
928 3655 3691
3937 6654 3932 27040 5335
2274 23411 2308
6015 84759 6500 54880 84678 23429 6045 3312
596 637
672 3065 3066
79075 54921 63922 5983
4175 708 4171 4173 4000 4001 3024 5925 140836 5934 3192 8350 9111 2010 79595
21679 22601
21813 21812 20901
51692 53981 29894 10898 81608
23468 4152 6839
24679 29699 246150 24408
12558 12387 16569 12388 16579
641 7157 2956 4436 5888
4659 23164 387
22801 3688 1277
2263 867 2534 4067
67673 415115 75717 67923 56438
508541 407170
3224 4091
84661 6598 6599 60 6601 23186 3065 4001 140836 90665 29079 2010 10155 9111 10284 8841 8350 6709 5934 5933 79718 1108
3621 3065
16569 18764 241035
103 1017
13897 110006
66464 108143 21343 68776 319944 270627 24074 24075 228980 226182 63856 21374
9330 6908 2972 9328 9329 55814 2971 2976 2975
8482 10154
13052 83964
23770 3320 805 3326
898 1874 5933
3688 3680 8038
1270 1271 3977 3572
12006 12387 11789
12558 12387 22437 12388
7046 7040 7048
2734 8517 4793 1326 1147 2969 4791 1654 6207 4792 6156 5971 5970 4790 6128 79155 5966
19664 4851 55534
10055 10054 7341
25643 25240 25472 29232 29692
3958 3956 50628 6606 8487 6633 6632 6634
7398 57599
9782 4841 6421
5034 5033
26413 83409 26417 56692
71096 24051 24052 24053 13405 20648 20650 20649 20391 268534
4846 857 1605 8910 7402
16202 110829 19241
25012 81802 83730
5518 5984
16553 11766 11767 11764 11765
15519 11622 11632 15516
3799 23207
7249 7248
24511 25614 81008
109711 234353
24680 25229 89823
1326 4790 79155
4088 7046 8312
91584 8829 9855
5071 9529 3308 3303
2289 11140 1147 3326 4793
15481 15507 15505
5692 4946 4086
63840 317259 362093
2956 4436 5378 4292
5982 5518
4089 6497 9611
28956 5594 8649
5970 5966 4793
15114 13191 15194
3690 3386 3674
23673 9146 6616
192258 25522 113894
84661 11091 9070 23054 22976 58508 79447 9757 5929 7403
14265 16897
16414 78369 16411
10018 596
67381 22337
10856 5434 6502 6500 8607 26228 5202 8454 8725
11308 20662 13860
7412 3688 3676
7448 3693 3685
7520 7486 2547 142
10512 8829 23129
2547 3014 1660
2648 8464 6880
405 3091
84351 309295
55670 5189 5190
5432 5431 26015
115557 2776 387
3693 3685 3491
15378 19017 93759
23521 2058 2597 10492
84591 24680
17128 17126
13858 15239 8027
3688 8515
8317 10926
3320 57805 11140 3326 3551
281796 281201 615447
23513 57216
23649 5981 5111 56655 57804 5425 5424 5427 6117 7153 54107 5426 10714 7150 5557 5558 5422 7155
3692 23405 6895 27161 4343 6130
5476 4758 2588 2720
8774 60355 116470
79158 508713
4296 57630
5451 5452 5970 4790 7528
2961 2960
26401 12005
8773 8676 6844
6657 5451
3688 2277 3680
17927 21423
4691 940
89781 3257
171531 11891 17918
24511 56083 16400
3673 3688 1101
9076 4323
4217 6416 409
6688 25942 3065
29686 24766 24805
6722 2626 93649
15182 67155 57376 20587 20588 17257 20466
317697 282004 281918
14460 93762
23872 20586 20587 57376
9349 6122 6136 6125 6142 6141 6147 6146 6144 6161 6160 11224 6129 6128 6167 6165 6164 9045 6181 23521 6152 6154 6155 6156 6157 6158 6159 6175 6173 6170 6171 6169 6143 6138 6139 4736 6168 6132 6133 6130 7311 6137 6134 6135 6124 25873 6176
84844 10262 83443 51639 10992 11325 23451 23450
6598 2114 6597
17060 56743 18803
23309 64426 8473 3065 9070 9739 3312 6667 3308 3320 3066 3326 3309 5931 3054 25942 5928 8819 11091
116644 60466 116470 24803 65033 24923
56739 269397 20957
1408 6500 8454 1407 26224
1490 60 71
6619 6618 6617 10302 6621
6497 9611 4088 3065 25942
3386 3693 3685
648 8452 8405
3694 2335 2534
14360 20400 27218
84262 389362
320 55327 8573
8464 10474 10629 27097 8295 6883 6880 6881 8850 6871
13555 58172 21781
8243 9656 7158
12468 12469 12464 12465 12466 12461 12462 21454
1739 5576 153 9495
1991 5265
13528 22288 20650
9568 3350
4093 571 7071 5702 7045 10804 2071 4601
10856 8607 60 8295 51412 57634 86
472 4683
381580 68999 56317 17222 69957 52563 99152 52206 59008
12402 287942 25622 24329 63881
25942 3066 4204 3065
65180 65195
2277 8828
2078 2114
80351 8658 7013
11198 91754 6749
1499 7082 1003 3791
6594 27443
26395 26413 26396 26417 109880 16706
93711 12939
70349 213827 11840
540853 788566 281711 282116
84057 29893
70099 269397
10892 7189
7515 3980
7090 7091 7089 7088 3020 8350 126961
4361 4683 472 9656 2177 10111
79661 5423 8566 7515 252969 3980
83501 83502 29875 64465 84353
4794 5970 5966
10250 23524
307940 314906 81504
50686 79257
65109 5976 26019
51283 841 596
191572 26903
6885 23118 10454
9367 10226 3482
1603 7991 6185 6184 201595 3703 1650 84061
8754 3688 3680
3694 7043 3685
64202 16410 24943
84148 10933
13857 22064 16439 18803
8517 405 2034
6657 5080
4361 4683 7158 22976 641 10111
112936 55737 6642 6643 9559 51699
20807 314436
6416 409 5602
3690 7057 3685
322 57616 3065
21677 22630 17475 22601
5362 10048
7058 3688 3676
1956 867 2885
3678 3688 8751
8773 6804
24414 116692 192254
257632 192656
433759 20185 15982 20467 60406
25262 54237 25203
354 7857 5104
9564 6714 5295 2099
22337 17127
3611 9459 29780
55250 26610 55140 8518
1643 1642
81762 81531
5781 2885
2072 5893 2067
5331 56288 50855
56217 12695 93742
92609 6606
931 4067 2534 3932
10268 10203
7337 5687 29978 29979 5683 5682
3690 7448 3685
56419 13589 11789
25404 81822 25035 363425 83764 287876
4215 10971 3308 11140 2011 81572 5607 5202 3326 84231 3320 7534 7529 7531 7533 7532
16572 16594 16573
1207 79084 10419
26277 7013 8658
29548 3708 7220
4306 8648 7329
3364 2237 5883 5423 5810 3978 328
5425 5424 5111 10714 57804
3350 2849
7157 596
1025 4691 27336 5430 6829
9612 2874 9611 6907 79718 8841 7464
22295 17913
25445 24517
512043 504735 5201 5203 5202 281047 505313 533784 521540 538090 613336 7411 514355 10471 5204
12391 25470 13383
2187 2189 2188 6118 6119 55120 7156 6117 4292 641 2176 2175 2178 80010
598 8837 841
19082 78975 108097
22360 68581
17975 18148 20947 11545
280668 11495
10379 6772 6773
93700 12936
7088 8820
67239 14113 52513 110109 66942 270106 20091 69072 984 18114 26961 14268 230737 22154 19933 20116 13207 67160 76808 22974 55131 67891 19983 27225 64934 84057 19988 55989 57750 2622 19921 26156 11837 6203 27367 27050 228889 59014 67949 19941 10376 20104 22121 20102 1665 12181 12607 67115 19989 4736 17975 5303 6134 69902 27176 18432 56200 56095 67134 69237 19899 66480
54386 7014
29738 25522 113894
192663 67470
868 1956 30011
17829 12988
1025 10614 904
17126 17127
17119 20467 17187
6628 1207 10419 50628 6606 8487 11218
2547 4683 7520 4361 7518 3981 10111
160622 9265
1869 126626 7027
1025 23476 904 5469
324 2932 5525 8312 1499
5928 6594 2186 5931
1387 6772
25590 54239 24877
81918 18759 24001
361618 89821 304496
55070 1642 64326 8451 9978
4361 4683 672 10111
6597 6598 6599 57410 60 6601 6602 6605 10498 8289
286826 1874 91750 55957 5934 132660 5928
7528 3516 4851
27257 11157 23658 57819 51690 51691 25804 27258
3351 3352
10026 128869 51604 94005 8733
7520 2547 7528
60 6709 4000 9111 4001 2010
12571 12580
24244 114207
84108 83746 4149 79813 2707 10138 1876 7027 6045 6015 10919 23269
571 672 580
57342 16202 110829
10657 5921
6627 6434 6625 23524 10250
92609 8161
257648 83731
9869 4152 55729
6597 6598 6599 6601 2033 1387 8289
12569 12568 18555
1026 5111 1020 6117 7150 1019 1660
26940 17128 17125
6632 11140 10146 4001 56647 57819 60 8815 51691 6741 9406 3190 7529 7531 2010 79595
10036 5928 8208
93700 12939
281918 515610 317697 534583 338049 282004 18821
4855 19664 270118
8801 8802
15182 433759 22780 22778 83796 83797 20586 22779 19646 66993 107932 20588
403845 3688 475471 3678
150 2891
19374 19373
84289 11143 79960 64769 23338 9767 51147
57617 8417 55823
7516 5888
4439 4438 2874
29718 114489
14812 16975
891 1647 5111 983 10912 4616
65110 5976 26019
6595 6597 6598 6599 672 60 6601 6602 6603 6605 51412 86 8289 57492 4298 71
10683 54567 4853 28514
3716 9021 5781 8543 3572
9146 10254 9610
5364 10507
64830 116470 24803 25716 25012 24923
8828 7424
977 3655 3688
9343 11091 6598 6599 6601 8467 3065 6878 6872 6908 5901 25942 5928 5929 53615 10284 9219 6883 6880 53981 6595 8189 4297 23028 1107 5931 8819 3066
10267 10203 25388
310710 64351 29631 64154 65134
29102 54487
1793 5879 9844
595 1026 5111 1020 896
1616 8452 8405
16401 11495 16412
3483 3479 3486
92856 55272 10199
8085 7277 9070 23054 58508 203068 5929
5144 5567 5568 9590 5566
6886 5925 6929 4005 8861
151987 11218 50628 5531
2889 1398
59042 54161 70349 213827 50797 56447 12847 11840
902 2068 1022 4331
7074 2902
961 3690 5747 6714 3674
8773 10228
4116 9939
3689 967 3684
51367 11102 10556 10557 10248 10799 10775 10940 54913 79897
5591 3608 1968 1965 3609 8894 7520 2547
1027 1163 898 6502 6500 8454 1017 9978
3688 3680 11497
10664 4869
4535 51103
64426 3621 10284 23309 79595 3066 3065 25855 751865 51742 5931 25942 5928 8819
5901 10073 7514
54311 54312 29635 24963
79139 55829 7415
25855 51742
8517 1147 3551 8202 10499 6738 1387
5925 93621 10933
8539 2247
990 84515 4999
21844 13836 13641
5577 26292 8165
26277 65057 8658 25913 54386 7014 7013 10111
10203 10266
286826 91750 55957 5933 132660 4605 5928
892 10001 29079 9443 9441 9440 112950 5469 9862 1024 10025 51586 9282 9412 27034 81857 9439 9968 9969
24890 25517
1026 1021 1019 896
98758 59013 19205 56195
5423 7515 55775 3980 11284
142 3014 128312 4869 3309 811 22907
4435 163732 3661 10370
23028 84458 9839 79813 55758 7764 10919 1487 23186 3065 6935 6239 9658 1488 9425 8535 3066
269397 320558
171494 29663 64310
4830 58497
891 10928 983
57128 2395 10939 3329 3313 6389 10632
1861 27348
5925 5987
2932 58497
580 11073 571 672 4292 2956
245688 15182 22778 11465 57376 83797 15289 20587 68094 11461 107932 56456 20588 83766
14282 24517
1024 892 6598 6599 9412 6601 6602 6603 6604 6605 86
894 1021
83501 50592 84353
10856 10847 55929 8607 80314 8295 10902 57634 86 6944
10048 64795 4289 25852 10296
3688 3680 280668
26993 10788 1147 79155 5970
8829 80031 5361
12224 56469
22944 6117 5111
59074 60466 83730 366673
4691 54487
2353 2114 3725
230904 56438 26965 21402 67731
5362 8829 9855
16706 13001 12995 13000
4170 5366
23513 3993
17536 18609 18514
3655 2885 6464 3691
11091 9070 3053 4297 4221 3054 5929
5000 2547 7520 23594 23595 4999
4803 4804
27409 11307
4088 672
3953 6642 5156 8723 6643 3643
5925 3065 6597
208650 13649 58194
3688 3680 8751
6249 8826 324
4088 10401 2033
1911 648 6015 8535
18452 5034
7094 5829 5310 999 9564 3728 7414 5747 1499 6714 87
7157 2274 28996
51024 10059
19374 15289 22596 19373 14375
29559 192254
6642 58533
8573 8825
85406 5082
9212 5921 6790 332
1213 347733 5216 71 7415 3312
9612 3065 25942 23493
5925 1874
832 830 23607 30011 55114 10207 154796 64398 829
11154 23431 10717 9179
9184 991 701 4085
3609 54487
286826 4605
7157 2099 4193
898 1027 1017
23649 5557 5558 5422
3018 554313 3014 128312 4869 811 8531 3309 55037 8342
2208 961 3690 3685
9341 8675 8674
892 10001 1024 9443 9442 9440 9477 5469 10025 84246 9862 7067 29079 51003 9282 9412 9967 9968 9969
7052 2335
242705 6667
29272 65195
83589 117052 25252 29647 60442
1025 905
171026 83731
14828 67838
93711 12936
2339 2342
10048 91584
708 60 23592 51691 10212 3068 10971 4001 3024 8826 7531 2010 9111 3609 1152 8539 6632 27250 7067 5934 3192 3191 3190
24672 24673 689560 64553 293508 25636
29686 25716 81574
20662 14784 13649
19183 76915
2146 7528 8726
22416 20187
13163 12005
5202 5201 5203 7411 10471 5204
19166 19167 26445 26444 26446 26441 26440 26443 16913 19170 16912 19172 19171 26442
14683 11514 19088 12391 11555 12288 51792
14809 14806
3690 1956 3685
19247 327826
25252 58948
10921 10284 22985
23513 28964 8874
3725 23426 2099
15184 14702 14688
672 990 4998 51053
79075 5429 5982 5983 5984 5985 63922 54921
6015 3516 2273
236643 11891
10978 80746 283989 116461 79042
50628 6606 8487 25929 11218
4804 65078 84894
3921 2197 6204 6205 6187 6223 6206 6207 6201 6202 6203 6228 6229 6208 6209 6189 6227 6217 6224 6210 6222 6194 6191 6193 6235 6234 6188 6231 6230 6233 6218
9652 80349 6499
2561 2554 2566
10048 54737 54994 4289
54205 317 842
3690 1293 3678
2547 142 26277 7520 54386 4361 7014 10111
2274 9457
672 7415
245688 433759 17128 12020 19646 20466 17125
10422 63891
11198 1459 1457 6749 1460
22030 93765 11797 11796 26401 26400 16151 21939 26398
65180 65199 363972
2309 4088 4089 2290
3351 3350
26520 26519
10592 3981 10051
1176 8943 23557 26985 282991 8120 2647 26258 55330 84062 10239 8546 63915 10947 388552
25942 23186 5978
2017 9026
55367 8738 835
18759 22034 18412
3690 6696 3685
24410 29495 24409 24408
1499 6934
5439 9150 2963 2962 672 2959 5432 5433 5430 5431 5436 5437 5434 5435 5438 5440 26015 5441
26408 22034
64780 1400 5361
3688 3680 6696
25686 293614
24329 85385
10856 10524 8607 8295 4609 86
53615 9112 57459 23309 9219 3066 3065 8932 57504 5931 25942 5928 1108
9076 4313
7220 3708 387
20194 194352 12306
16593 16594 16573
7157 2547 580
25262 85240 81802 25679 29322 60395 81662 89823 24654
79760 11171 79833
310710 64154 94189 65134 54350 29631
19164 12385 12387 12550 12558
2060 85439
10189 7919 4116 9775 9939 65109 10250 10921
2965 1024 892 2960 2962 6598 54760 6597 5430 6601 9412 6603 6604 2959 6599 10589 6602 6908 6595
14460 14582
3655 2534 3691
1147 25885 10128 5134 4163 5437 3551 51082 9462 23291 84172 64425 8517 3838 8454 10788 4790 4791 4793 4528 10849 5441 6500 5966 5970
6595 6605 3065 25942 4204
7014 7486
29627 84016 25247 100226
673 10256
140673 116470 24803 25012 60355
3673 3688 961
2099 8202 1147
4008 3024 60 8815 5933 3065 8350 8841 2010
84009 80850 24400
8802 8803
1025 8812
5371 7750
12028 78943 12018
363972 65195
8175 6629 10291 84991 22827 6628 9879 3329 10362 7307 83443 51639 10992 10262 10523 10131 10285 6426 11338 6627 23350 23451 22826 6633 6632 6635 6634 6637 6636 84844 23450 1665 10946
1293 3688 3673
977 3655 3691
5829 3693 5747
4800 4801 4802 708
13404 19361
100009341 100009581 0
3937 5336
21423 16909 14461 21349 16825 14460
348995 6396 4928 57122 81929 79902 23279 55746 79023
641 7516 5892
16331 20416 14784
25855 64426 3065 3622 79595 5926 3066 5931 25942 5928 8819 84312
6595 6597 6598 6599 10419 6601 6602 6603 6604 3066 3065 86 8289 4298 25942 5928 6605
2033 1958
9156 5111 4292
84342 9382
51295 51103 4722
0 6654 2885
2099 857 7416
2903 1742 2534
16924 72058 18222
2289 11140 3320 3326 9641 3895
1111 8451
18012 19650 15370
1499 8727
5295 5290
64601 65081 57617 55823
65125 27347
164 79874 9135
1605 859
140557 269397 20957
7430 9368 1080
23028 3065 9203 3066 51317 9112 2969 23309 1107 9219 10362 23186 5931 25942 5928 7750 1108 23199
6635 6637 6636
8945 1147 22870 6500 8454 5537 9701 5970 9641 4791 5966 23243
83589 60442 85327 60377 140722 29647
64528 81754 56082
2002 6722 2004
24577 24516 81647
3690 50848 3685
675 672 580
58220 19353 56513 93742 12540 18759
10142 5568 3784 5577 5576 5566 5567 5499 5500 5501
54189 56715
5970 4790 8648
4089 4088 3725 2353
9612 3516 3065
65023 65195
12695 22631 56513 56217 93742 224912 18759
8450 1642 8451 1643 9978
7089 7088
5591 23054 7520 2547 142
9183 360953 60561 5714
7290 25842 8208 55723 8350 10036
22938 9612 3516
363287 84580 25631 367218
8431 2494
3621 9768
269397 13006 20957
10025 10001 6257 9443 9441 9282 7421 9968 9440 9439 5469 9862 29079 9969
7412 3688 3680
29753 25751 24264 83718 81822 64158 25578
12578 17869 17187
13207 13204 14000 76936 94223 59013 230908 67040
12005 26407
13383 12361
5111 5378 4292
9793 6867 6790
85491 29631 65277 65134
11051 11052
244431 24051 24052 24053 20392 20391
1874 5934
12361 22342 16559 234678 14812 108030
19353 242687 50884 11308 20430
299691 287422 317259 362093 170917
2309 8850
25404 29149 97387 114520
84893 6500 8454 9978 23291 51530
6657 5460
7706 23586
60 5430 6908
110012 66648 102747 319953 66257
6837 10001 9477 400569 10025 84246 219541 54797 90390 51003 9282 29079 892 55588 55090 9443 9442 9441 9440 5469 9862 23097 112950 1024 9968 80306 9412 81857 9439 23389 4976 51586 9969
11936 396898 397481
1285 3690 3685
4513 2597 51295 51103 7189
3678 3688 80781
7153 6732 10594 3183 6749 9188 1660
97122 17685 17688
4092 64750
24061 13006 19357
5590 2956 4436
894 1019 29950
12502 12501
657 652 650
64432 63931 60488 23107 7818 51021 51023 51116 6183 51650 55173 51081 51649 54460 10884 64951 10240 64965 64960 51373 64963 56945 92259 65993 64968 64969 55168 64949 28957 28973
81666 293614
2885 3937 5295 867 27040 5335 7409
5781 5156
5452 7091
10066 10067 9522
24679 24674 29699 25522 24675
8818 8813 54344
598 10018
66945 66052 67680 66925
12581 12571
4808 84707 4005 8861
58244 53612 53331
53615 3065 6597 6598 6599 8289 57459 60 6601 6603 6605 8932 3183 5977 5928 86 1108 9219 3066
17975 319177 20375 26365 17257
10274 9126 10735 5885 8243
2309 7157
5283 5277 5279 9091
63836 79125 56611 50685 59069 25386 296654 501203 361710 81822 64159 108897 25745 298975 287876
890 1869 5933
54518 7408
2885 3937 6464 867
988 7153 6925 5499 10250 6626 6627 5356 6632 9814 10992 1778 8493 10262 10286 3608 51503 22828 23451 6633 3312 6634 5591 6426 6427 6421 10985 27316 27339 9689
270166 53895
330938 19353 13543
4224 4225
51434 996 8881
64398 55114 51421 8777 10207 154796 143098 154810
66046 67273 66416 66414 225887 66495 69875 17721 66091 78330 67184 66218 595136 68375 68198 227197 54405 68197 68349 67264 75406 66916 70316 17716 226646 17719 17718 17992 17995 230075 17993 407785 17991 68342 68194 104130 66108 72900 68202 67130
81 815 57554
9341 23673 6616 63908 6844
55802 1656 23644 80153 167227
74075 71846 20957
10847 6597 6598 6599 9611 10291 6601 10155 8841 23450
140670 29177
8065 6921 26118 6923 9978
24551 245922
4233 3082
12416 22658 13619 12151
4686 7514 51808 5901 22916
2209 4067 5336
433759 20467 71954
10273 3303 4842
25293 362242
84382 117034 19668
5829 28964 3676
6143 6142 23405 6144 6161 4343 6164 6165 3692 6181 6129 6155 6156 6158 9045 6138 4736 6168 51187 6130 6136 6137 6135 25873 6176
4089 51592
12015 56177 83767
5111 5982 5983 5984 5985 63922
3066 23186
3688 3676 963
1385 8543
682930 26903
85458 12005
50686 24855 60445 79257
64432 54534 60488 7818 28977 29093 11222 219927 51021 64976 64975 122704 55052 51264 51263 64979 64978 51116 51069 65080 51081 57129 54948 29088 64951 10240 64960 51373 64963 64965 92259 6150 64969 64968 63875 64928 84545 28957 51642 10884 51649 51073 740 116541 116540 23107 28973 114294 124995 10573 28998 65008 29074 63931 6183 6182 51650 55173 65003 65005 51023 54460 64949 54148 51253 56945 65993 26589 51258 55168 64983 9801 64981 51318 84311 9553 79590 128308
2648 10025 9282 2099 9440 8295 9439 5469 9862 9968 9969
266601 24392 301252
5914 1387 6256
55946 347722 64933 11774 11778
8453 6921 23032 6923 7428
7157 7528 4193
730 15139 100009385 100009197 100009076 100009128 12274
3688 6696 3685
24672 24673 689560 58950 293508 24669 24668 25594 24679 25636 29699
4152 9869 10036
219541 54797 6837 81857 9440 400569 5469 55588 112950 29079
25600 13405 114489
10431 10440
21428 17119
4089 1387 4087
79139 50628 84447
70729 18125 19416
3690 5829 3685 2185
2549 53358
6717 25801
672 10111
3702 3937 5335
51564 604
17268 5089 15405
207 8115
19164 68581 226548 59287 66340
3572 3977 3976
2064 51072 6464
9203 2969 3066 3065 10362 7764 23028 23199 51317 7750 23186
8668 3646 51386 8661 8662 8663 8664 8665 8666 8667 10480 27335 8669
51752 64167
65180 65023
12503 12502 12501 12500 12330
12939 93709
10592 142 9918 10051 64151 7515 23397
14702 14688 12229
9555 8452 8405
13527 362715 314906
14697 14682 281452
1956 10254 9610
57117 26512 5430 5431 92105 54973 25896 80789 55656 57508 55756 26173 65123 55174
8517 1147 3551 55294 9919 4791 5970 9020 5966 9099
7813 3619 332 9212 55143
5591 64421
5594 9759
18538 18972 16881 67967
10923 3172
65180 56817
5982 5983 5984 5985 5883 3364 5884 5810
891 899 983
12385 12387 12562 93742
12505 16149
84612 3993 5584
7095 505064 614128 615778 10952 11231
10844 5116 10426
2275 1385
4088 7046 7048
6464 2885
4686 22916
404006 404017 404012 404018 6747 403951 3703 58505 200185 1603 6185 6184
16773 24511 81008
29882 996 29945 51434 8881 51433 10393 8697 64682
9342 6804
11793 67526 77040
66181 499709 170944 52530
83737 8239
930 7409 5295
19261 19229
891 29924 8650 10928 160 161
16593 16572 16573
27040 5335 867
2934 58497
15529 13844
3717 5724 7297
78951 161476
80204 79791 6500 8454 23291 9978
9517 55304 10558
79114 3730
2353 2078 3725
1977 1973 1982 8569 1981
6714 9564 5747
5335 3937 7409
363875 24001 84006 81918 64465 307799
4149 4084
10431 10245 10440 10469
13001 14173
56217 22631 93742 18759
13405 18125
12995 67603
9112 23028 1107 3066 3065 5928 1108
8454 26190 6500
227753 16416 16410
3688 3680 3371
5356 988 10286 10985 27339 3312
10971 2810 673 5894 7534 7529 7531 7533 7532
1025 1024 5430 6830 904 1022 11198 3516 2033 51763 9794 5469 4851
13528 16573
18969 18968
16706 72399
3688 3676 11117
6810 6843 6845
5604 28956 8649
997 8454 9978
19718 19076 18968 106344 19075 514793 515602 19687 281991 281990 72151
81027 708 10419 3276 2091 7846
6714 5894 10256
5720 5721
7157 6667
4092 64750 7046 57154 7048
16195 107951
63955 11350 12568
3751 57628
19014 51813 264064 216154 59024 0 23989 230753 69792 70208
20187 13542
8148 6879 6878 6884 6882 6883 6880 6881 6877 6875 6874 6873 6872 6908 2957 83860 2958 51616 2959
79791 55294 6502 6500 8454 9978
6595 6597 6598 6599 6601 6602 9031 6605 10036 86 8289 7155 7421 11198
17246 12578 67025 22059
5431 84661 11091 9070 4221 9757 5929
22063 13405 20648
12 1511
59348 5932 672
3688 967 3675
81620 1642 8451 9978
245959 65262 245965 25392 171082 25176 116550 94271 114630 29754 245958 171375 171374 300677 26197 26196 641434 140608 57423 192241
8540 8443
51295 4694 4513 7189 51103 4535
10892 7186
4088 4089 6667
191573 24409 24408
71096 20649 13527 20650 13405 13528 268534 20648
55506 1791 9555 30836
19664 103806 18132
282338 281794 281453
2319 1499 5310 999
10318 8517 1147 9276 3839 4794 9043 4790 4791 4792 4793 5966 5971 5970 79155
59020 67182 20505
9630 9138
79643 27243 25978 5119 57132 51510 51652 128866 92421 29082
29627 50592
4318 7076 4035
9939 10921 65110 65109 10482 5976 26019
10657 23368
140722 29647
153 5567 5568 9495 5566
6925 1499 1387
5721 10213 5708 5709 5704 5705 5706 5707 5700 5701 5702 5689 5688 5685 5684 5687 5686 5683 5682 9861 5719 5718 5717 5716 5715 5714 5713 5711 5710 5692 5693 5690 5691 5694 5695 5720
8773 2054
5216 54518 5906
7046 7048 7043
116470 24803 81803 25716 25012
672 580 7332
1025 4691 5430 904 10891 53981
8450 55832 9978
29571 54241 83800 266809 116561
5001 5000 23594 23595 4998 4999
15182 433759 22779 22778 22780 107932
1025 23476 904 9282 9440 5469 9862 9968
167227 5394 54464 23404 54512 22803 65109 5073 5976 26019
27409 67470
86 8295
8673 9341 6810 8773
7913 10250 9939 10189 10921
6125 6124 2091 6122 6129 6128 10514 6187 7307 55299 4673 4904 4670 4869 10528 6152 6154 6155 6156 6157 6158 59 4736 10969 6727 51602 292 1660 6143 6142 6141 6147 6146 6144 6194 4809 55131 55646 81027 8971 6176 1938 6173 6170 25873 6168 3007 6161 6160 11224 6165 51631 6175 7150 6205 6206 6207 6201 6202 6203 6208 6209 23521 3609 3608 10642 3178 11338 7846 1915 11137 6217 6159 6210 6218 7284 9349 6949 26354 9221 4691 6222 9188 6181 6228 6229 8342 6189 26156 6732 55681 72 9045 6138 6139 6132 6133 6130 6136 6137 6134 6135 3192 6235
16514 25559
2309 23411
9014 9015 9013 6908
55851 5663 51107 23385 28514 5664 83464 682
9700 9232
890 23649 1017 5982 5983 5981 5984 5985 5422
25467 81504 24697
9031 8467
100270792 782486 282200 3283880 281090 327674 327718 615757 444878 287012 281091 282199 338086 0 327688
3066 1108 545
1207 6628 6633 6632 6635 6634 6637 6636
2057 2056
25262 140639 84478 116643
4437 4436
1794 9844
2648 8464 6314 10474 6881 6884 10629 27097 6880 6883 6879 6878 6877 23450 6874 6873 8295
3690 8745 3685
54320 25406
12015 103988 18747 83767 19047
116848 93762
7515 3981
140694 117028 116743 81922 60668 140670 85238 313474 54241 11771 65178
7157 23411
24383 83535 24849 25630
24803 303183 116470
65180 259243
977 3688 3679
6688 6908
1793 9564 1398
196528 71 6597 6598 6599 55193 60 6601 6602 6605 51412 86
3672 1293 3688
1903 3350
5591 2547 7520 9656 3069
17257 20587 67155
55257 10524 64769 54556 55929 8607 8295 86 9643 6944 10856 8089 80314 26122 10902 57634 10933
5970 4792 5966
3690 8613 3685
6774 2033 4086
819 3932
330938 26407
2965 2967 2966 2961 2960 2963 2962 2968 6908 5432 5433 5430 5431 5436 5437 5434 5435 5438 5439 2071 672 2959 5441 5440 2068 9412
9341 143187 10228
5595 9759
24803 140673 65033 29528 25012
8829 9855 5361
98710 16400
1025 6502 904
140809 5052
84967 134353 6628 6635 6634 6637 6636
51028 84313 11267
3148 2923 3312 2597 3146
22601 21678
13858 15239 56324
24803 140673 29528 81803 60355
8517 1147 11140 6124 6132 9020 3320 6205 6207 2091 3326 3551 6156 6128
56217 170788 227157 17475
5971 7528
8454 8945 23291 4792 6500
74998 11771 11772
3689 3312 29665 5297 3909 3303 60 5787 3326 6840 81 4356
69745 16881 19076 18969 18968 21974 18971 18972 19075 21973 18538 21969 67967
19664 270118 18131
10592 54892 23310 29781 10051
23193 5589
304017 266601 300075
672 8861 8543 5932
12861 12864 12866 12867 12868 66142 12859 0 19224 110323 12858 12857 17709
4174 4175 4176 4171 4172 4173
10011 8648
12939 93701
140592 29627 29628 171571 84016
5111 5395 4292 4436 2956
0 12444 12567
5430 3192 2962
3996 84612 5584
7074 1947 1969
5430 8487 6638 50628 2959 6628 6629 11218 1660 6908
14800 74053 121021
11091 9070 9739 219771 23067 80335 5929
23028 23186 3065
140557 56739 20962 13006
7157 8650 4193
2275 2274
1642 196 405 10607 8450 9978
3832 9611 10009 6907 9682 2874 79718 8841 51592 7464
533784 504735 287007
3678 3688 6696
8754 3693 3685
55942 13555 21781
1024 892 10001 84246 9282 9412 9439
11315 5071 65018
3690 7094 3674
208104 21428
20807 25483 246297
282173 281066
24176 171026
171137 25383 170912
20807 214384 54601
1649 57761
9131 5478
57492 1387 6597 4088 4089 4087 8202 6601 6599 51592
24674 24675 24244 24680 89823 25229 25639
18053 93742
79803 11234 84343
112399 10956 3091
6839 1786 1874 5934 2033 3065
2353 4773 3725
0 100009068
1026 5111
58945 65209 29489 116659 29564 252902 65028 83462 170714
10010 7186 7187
367 207 26060
314322 24516 171068 25125 24413
64398 56288 50855
4088 4089 1387
309 2 4035
8841 29123
361846 56433 25046 65114
171046 117034 19668
23013 1487 5932 3516
83805 140694 81637 24949
5336 5337 5578
100009050 71609 21937
7082 4361 6421 10978 79869 4076 2968 5725 51692 11051 11052 11338 2071 51585 8449 7307
320634 12540
19664 18131 433586
64832 25130 116470 24803 81802 25716 25012 116657
641 7156 80010 4292
29272 16506
5029 2768 3685
22632 19017 56717
80155 2547 7520
604 9759
25747 109151
56288 50855 23236
10431 351
891 5727 983
8673 9341 10228 8674
72088 22295
5450 5451 7088
10891 6429 6431 6430
6117 6118 6119
7157 598
12580 12567
5300 5518 5520 5894 5516
20683 13555
1789 10051 24137 8467 3065 10592 25942
24826 25617 117030 29511 362862
163 11772 116563 232910
5499 5514
27409 26357
1385 9457
79139 258010 7415
23880 19261 54353
1024 892
29564 83462 257648
19664 18131 103806
12488 104027
22630 22631 22627 22629 22628 26413 12995 16706 55948 26395 26396 13001 13000 54401
2908 3192
21676 22601
1176 8943 26985 10239 8546 10947 8120
1207 6628 10419
641 7014
4088 4089 1874 1875 7027 5933
11284 3981 7518
81918 18759 84392
12122 12018
84289 23522 11143 79960 64769 23338 23774 7862 7994 27154 9767
66008 8473 22906
4691 2521 10521 54487 3609 1660 3187 3192 3309 1655 10236
11622 11863
224912 56217 12695
17128 17127
84164 10973 51008 9325
316258 116777 12388 64563
53615 57459 1107 9219 3066 5931 5928 54815
12581 12444 12567
21885 29577
1901 3352
13557 6667
67916 16402 16412
10291 8175 10946
23129 64218
9817 192111 4780
4908 4804
902 1024 892 2962 6598 6599 6601 9412
81807 64525 25562
3690 50848 3674
14784 17060 56743
7290 25842 4678 79711 55723 3020 554313 8520 5928
7764 675 23028 3066 3065 10362 51317 23186
890 983 1017
3688 3680 101
2963 2962
5034 283208
85458 4216 8312
94189 64351 54400 65134
281511 282377 540853 788566 282029 281711 282116
269397 50878 20957
10093 10092 10097 10096 10095 10094 10109
26408 280991 281832 767874
6432 4904 79622 10081 11066 114034 154007 6628 79706 6633 6632 6635 6634 6637 6636
1019 896
329 7132 7186 8717
329 7186
288475 266777 81005 29218
25398 83731
23013 1488 1487
2533 8915 10892 84433
6502 999
27040 5336
30930 56433 65114
10274 11177 3065 9126 53615 5931 9112 8932 1107 9219 8467 5885 8243 5928 10735 3066
30011 29760
5707 5708 5709 5719 5718 5704 5705 5706 5714 5700 5701 5702 5710 5713 5717 5711 10213 5716 9861 5715
3690 10519 3674
154 9368 1080
29718 362242
3430 9111
403934 18762 93742 56513
348 5621
20187 14370 22408
8085 55291 80209 55728 23054 22976 58508 23528 9070 5929 7403 11091
594855 10815 6809
7336 7334
6626 1655 6421 4841
93709 12936
9656 3014 7158
81637 65178 117277 116563 60668
19664 4853 270118
361655 363854 312510 117280
24052 13405 114489 362242
25622 59109 84477 287942 63881
93837 13134 20471 14048 14050
18457 17828
64223 2475 57521
234678 16559
151987 5531
5289 30849
27429 9113 331
18541 74237 259279
29718 24907
4149 4609
604 53615 9219 57504 3065 1108
29161 29527
3205 4091
16506 363972
20807 17928 21423
10971 23523 805
3350 3352
3516 4851 9794
5584 9371 50855 84612 56288 11127
10048 23585
10914 5970 1326 5966 79155
29718 25293
55832 8453 9978
407170 281572
20962 50878
20602 56233 20466
4704 4712 4700 4535 4722 374291 51103
94189 64670 29631 65134
4088 51592 4087
6257 7068
10013 2033 7341 6925 1499
5879 8826 324
3690 3685 3910
64829 25531 116839
7456 7454 59 4637 4627 10627
7157 2033 4193
8467 51773
861 865
9616 140460 8065 142689 140459 51665 51676 6921 6923
280667 11495
80063 6667
8148 2521 2130 10521 54487 11100 3608 4670 6732 3187 3192 23435 1653 9987 1665 29102 22913 3609 1654 1655
2072 4436 2067
338075 282148 338089 338059 282147 513520 327687 286768 281641 338082 550622 404152 287017 282405
29272 65180
1956 2064 5287 5286
16572 16593 16594
1499 1495
10952 7353 7415
580 672 1477 1478 1479
595 1021
60 1072 10487
27494 18815
6594 51773
8233 10081 55954 6628 83443 51639 10992 4904 154007 55599 10262 79622 23451 23450 6633 6632 6635 6634 6637 6636 11066 10594 1665 85437
1739 320 8573 8825
7283 84790 27175 8826 324 10376 7846
24239 83731
3915 3913 3912 3911 3691 3655
0 404004 404016 404003 404005
84612 998
3091 5702 7428
1024 892 1387 6595 2962 6598 9412 6597 5430 2967 2959 2071 8850
925 3932
8844 673 5605 5604 5894 7531
16882 14211 18973 282370 18974
282306 282308
2784 975 9289 2783 2782 2767 2776 59345
362242 24907 25293 114489
5896 5897
22761 14460
10787 10006 10163 55845 23191
514 515 10632 506 10476 498 521 522 509 9551 513 4508 4509 93974 539 516
29738 25468
23028 3065 2969 3066 9203
12501 50932 17973
292028 690660 25094
5160 0 1738 613610 517402
305614 63836 64563 361598 64159 113970 29647 81634
1385 2274
6118 6119 7156 6117 641 80010
50764 21402 26965
74998 19707
397169 397470 397088 397656 397136
15511 12443 12567 12575
234779 17060 56743
9133 983
10403 57405 83540 147841
4361 4683 580 11073 571 672 5932 10111
57680 6879 9070 8607 1876 27043 3308 6878 6874 6872 11091 124944 6045 5929 54881 81887 6880 10445 3054 125476 51230 4297 84148 26168 26121 8972 284058
25012 83730 116470
2648 9913 117143 6880 10474 10629 27097 8295 6883 6314 6881 23450 8464
23512 2146 5931 5928 121536 8726
81918 21844 25522
472 4361 4683 5982 5981 672 4292 641 4436 5984 2956 10111
5829 2017 50807
18762 22034 18412 29806
29718 362715
79139 267 7415
140803 54822
25012 25130 83730
17128 12020 433759 17125
9612 23309 8820 3066 3065 25942
55829 51009 7415
79658 1495
2209 27040 6850 5336
53372 11097 79023 291874 58958 25281 7175 79902 295692 113929 245922 366016 113975 4928 348995 5903 25497 55746 117021 65274 362281 57122 81929 8021 23279 8086 6396 23165
57617 23339 64601 5868 55823 8411
1025 3572
3688 8829
79026 3981 7518
4055 4049 4050
1911 648 1912
7223 7222
6938 256297
27409 192663
84016 29627 29480 29647 29340
1789 1786 11176 3065
16404 98710
50556 69940 171455 245709 116654 60627 64632 252881
6520 3688 23428 8140
24586 25150 25614
433759 116848 13433 13436
208727 14702 14688
123169 54623 9646 79577 80349
18417 56434 16412
25400 24245 192117 29365 29495
24338 25615
12387 11789 105782
1387 4086
4088 64750 6498
18844 235611
2965 2967 2966 2968 4331 902 1022 2068 2071 404672
3690 4856 3685
3621 2033 5111
5530 4306 8648
65277 362283 366673 53330 60562
208 8115
16410 0 29627 29629 24943
9768 5111
25884 57045 650
85458 11651 13542
80850 24400 117020
87 29780
10892 8915
7157 28996 8312 1616
1111 8454
5430 672 580
22344 239027
83501 29629 84353
60 7082 1837 71
54797 9477 55588
3921 9349 6144 6136 6143 6142 6141 6147 6146 6122 6161 6160 11224 6129 6164 6167 6204 6205 6165 6128 6222 6223 6206 6207 6227 6224 6203 9045 6228 6229 6208 6209 6189 6188 23521 6217 6181 6201 6210 6169 140032 6152 6139 6154 6155 6156 6157 6158 6159 6175 6202 6173 6170 6171 2197 6125 6138 6187 4736 6176 6168 6132 6133 6130 7311 6137 6134 6135 6194 6124 6191 6192 6193 6235 6234 25873 6218 6231 6230 6233 6232
19247 14784
8772 7186 8717
8087 27161
53612 20955 20909 22319 58244 53331 22320
18764 16568 241035
259243 29272 65023 65199 65180 56817
64630 59267 85491 81803
5295 4851 3932
17187 17119 20466
1207 10419 6628 6633 6632 6634
27040 2885
6747 403951 403950 6748
16513 13405
208650 18596 58194
4361 4683 8295 9656 10111
330938 12005
81807 71745 300084 64525 24874 80509
8828 2324
0 2067
2873 1161 8451 9318 8533 5430 1643 1642 10987 10980 64708 10920 51138 50813 9978
10048 55558
